2012-12-04,15.150000,15.150000,14.870000,14.900000,14.268027,55200
2012-12-05,14.720000,14.930000,14.720000,14.760000,14.133965,54800
2012-12-06,14.770000,14.800000,14.710000,14.720000,14.095662,27800
2012-12-07,14.560000,14.690000,14.550000,14.650000,14.028632,43500
2012-12-10,14.070000,14.070000,13.980000,13.990000,13.396624,69800
2012-12-11,13.450000,13.450000,13.330000,13.350000,12.783771,95400
2012-12-12,13.440000,13.660000,13.440000,13.640000,13.061470,281900
2012-12-13,13.590000,13.640000,13.470000,13.510000,12.936984,63500
2012-12-14,13.120000,13.230000,13.000000,13.030000,12.477343,110500
2012-12-17,13.250000,13.250000,13.150000,13.180000,12.620980,101700
2012-12-18,13.260000,13.350000,13.260000,13.320000,12.755043,53800
2012-12-19,13.180000,13.290000,13.150000,13.200000,12.640132,90900
2012-12-20,13.000000,13.070000,12.950000,13.060000,12.506070,176200
2012-12-21,12.570000,12.800000,12.570000,12.730000,12.190066,182600
2012-12-24,12.630000,12.850000,12.610000,12.800000,12.257097,96200
2012-12-26,12.720000,12.750000,12.550000,12.610000,12.075156,56400
2012-12-27,12.780000,12.780000,12.640000,12.700000,12.161339,70200
2012-12-28,13.090000,13.200000,13.090000,13.200000,12.640132,125800
2012-12-31,13.200000,13.380000,13.200000,13.310000,12.745467,71400
2013-01-02,13.480000,13.570000,13.480000,13.540000,12.965712,148200
2013-01-03,13.490000,13.600000,13.460000,13.510000,12.936984,86900
2013-01-04,13.050000,13.130000,12.980000,13.110000,12.553949,106300
2013-01-07,12.850000,12.850000,12.740000,12.760000,12.218794,183900
2013-01-08,12.400000,12.430000,12.360000,12.390000,11.864489,119100
2013-01-09,12.180000,12.300000,12.100000,12.130000,11.615515,197200
2013-01-10,12.160000,12.210000,12.080000,12.110000,11.596364,448700
2013-01-11,12.720000,12.750000,12.630000,12.700000,12.161339,376100
2013-01-14,12.710000,12.850000,12.710000,12.810000,12.266674,166800
2013-01-15,12.670000,12.840000,12.520000,12.840000,12.295403,294300
2013-01-16,12.910000,12.950000,12.840000,12.920000,12.372007,117800
2013-01-17,13.320000,13.500000,13.310000,13.480000,12.908257,96900
2013-01-18,13.060000,13.140000,13.060000,13.140000,12.582678,76300
2013-01-22,12.810000,12.830000,12.640000,12.720000,12.180491,121700
2013-01-23,12.960000,13.050000,12.960000,12.970000,12.419888,137200
2013-01-24,12.750000,12.850000,12.700000,12.820000,12.276250,64400
2013-01-25,12.950000,12.960000,12.750000,12.880000,12.333705,55000
2013-01-28,13.250000,13.540000,13.150000,13.390000,12.822073,348500
2013-01-29,13.310000,13.310000,13.150000,13.200000,12.640132,64200
2013-01-30,12.540000,12.540000,12.150000,12.220000,11.701698,387600
2013-01-31,12.130000,12.220000,12.110000,12.160000,11.644242,989900
2013-02-01,12.150000,12.150000,11.900000,12.040000,11.529332,277800
2013-02-04,11.890000,11.890000,11.800000,11.820000,11.318664,58600
2013-02-05,11.750000,11.780000,11.700000,11.780000,11.280360,56500
2013-02-06,11.720000,11.760000,11.650000,11.730000,11.232481,81600
2013-02-07,11.860000,11.880000,11.800000,11.870000,11.366542,51200
2013-02-08,11.710000,11.720000,11.630000,11.690000,11.194177,43100
2013-02-11,11.720000,11.770000,11.690000,11.700000,11.203753,53000
2013-02-12,11.600000,11.600000,11.530000,11.580000,11.088843,51700
2013-02-13,11.640000,11.660000,11.610000,11.650000,11.155874,92200
2013-02-14,11.550000,11.550000,11.470000,11.530000,11.040963,53000
2013-02-15,11.430000,11.500000,11.360000,11.390000,10.906903,86000
2013-02-19,11.530000,11.600000,11.530000,11.600000,11.107996,68200
2013-02-20,11.650000,11.670000,11.550000,11.560000,11.069692,58600
2013-02-21,11.790000,11.890000,11.760000,11.770000,11.270786,81300
2013-02-22,11.940000,12.030000,11.940000,12.030000,11.519755,64000
2013-02-25,12.060000,12.110000,12.000000,12.000000,11.491029,55200
2013-02-26,12.230000,12.270000,12.220000,12.250000,11.730425,47700
2013-02-27,12.120000,12.240000,12.120000,12.200000,11.682547,34100
2013-02-28,12.150000,12.230000,12.020000,12.060000,11.548485,47000
2013-03-01,12.100000,12.150000,12.070000,12.130000,11.615515,47400
2013-03-04,12.230000,12.350000,12.230000,12.330000,11.807033,43900
2013-03-05,12.490000,12.500000,12.400000,12.420000,11.893215,167400
2013-03-06,12.310000,12.310000,12.200000,12.230000,11.711274,114100
2013-03-07,12.720000,12.780000,12.710000,12.710000,12.170916,62800
2013-03-08,13.590000,13.650000,13.450000,13.630000,13.051895,361000
2013-03-11,13.920000,13.990000,13.870000,13.990000,13.396624,136300
2013-03-12,13.700000,13.800000,13.580000,13.610000,13.032742,107700
2013-03-13,14.120000,14.190000,14.010000,14.070000,13.473232,160500
2013-03-14,13.680000,13.730000,13.670000,13.690000,13.109349,58500
2013-03-15,13.800000,13.860000,13.790000,13.800000,13.214683,52300
2013-03-18,13.830000,13.980000,13.830000,13.910000,13.320018,62200
2013-03-19,13.940000,13.940000,13.720000,13.770000,13.185956,39400
2013-03-20,13.820000,13.880000,13.800000,13.850000,13.262563,39300
2013-03-21,13.850000,13.880000,13.700000,13.700000,13.118925,58200
2013-03-22,13.700000,13.750000,13.690000,13.730000,13.147653,18400
2013-03-25,13.570000,13.610000,13.510000,13.540000,12.965712,49500
2013-03-26,13.450000,13.520000,13.450000,13.500000,12.927408,68300
2013-03-27,13.460000,13.660000,13.400000,13.660000,13.080621,199900
2013-03-28,13.440000,13.500000,13.430000,13.440000,12.869953,29000
2013-04-01,13.380000,13.380000,13.080000,13.140000,12.582678,33300
2013-04-02,13.130000,13.200000,13.120000,13.180000,12.620980,76900
2013-04-03,13.240000,13.240000,13.120000,13.140000,12.582678,48200
2013-04-04,13.310000,13.540000,13.310000,13.450000,12.879529,127700
2013-04-05,13.250000,13.410000,13.230000,13.370000,12.802921,50100
2013-04-08,13.430000,13.680000,13.430000,13.650000,13.071046,218500
2013-04-09,13.600000,13.660000,13.460000,13.590000,13.013592,60000
2013-04-10,14.850000,14.990000,14.850000,14.970000,14.335059,413600
2013-04-11,14.610000,14.720000,14.590000,14.670000,14.047784,799100
2013-04-12,14.260000,14.370000,14.210000,14.310000,13.703053,281700
2013-04-15,14.530000,14.610000,14.410000,14.470000,13.856266,75100
2013-04-16,14.430000,14.620000,14.430000,14.620000,13.999905,91800
2013-04-17,14.450000,14.480000,14.300000,14.300000,13.693476,44900
2013-04-18,14.430000,14.500000,14.430000,14.460000,13.846690,17400
2013-04-19,14.480000,14.640000,14.480000,14.610000,13.990328,27800
2013-04-22,14.710000,14.710000,14.580000,14.660000,14.038207,31500
2013-04-23,14.400000,14.580000,14.400000,14.500000,13.884995,115300
2013-04-24,15.070000,15.070000,14.650000,14.660000,14.038207,287700
2013-04-25,14.280000,14.280000,14.090000,14.240000,13.636021,260400
2013-04-26,13.470000,13.480000,13.300000,13.330000,12.764618,63100
2013-04-29,13.430000,13.450000,13.380000,13.430000,12.860376,33500
2013-04-30,13.740000,13.870000,13.700000,13.750000,13.166805,387800
2013-05-01,13.470000,13.470000,13.230000,13.350000,12.783771,32800
2013-05-02,13.700000,13.700000,13.560000,13.640000,13.061470,77100
2013-05-03,13.630000,13.850000,13.630000,13.730000,13.147653,104700
2013-05-06,13.650000,13.790000,13.650000,13.710000,13.128502,35700
2013-05-07,13.660000,13.720000,13.660000,13.680000,13.099772,13900
2013-05-08,13.810000,13.820000,13.770000,13.820000,13.233836,123300
2013-05-09,13.650000,13.800000,13.650000,13.760000,13.176381,42300
2013-05-10,13.350000,13.450000,13.350000,13.420000,12.850801,35300
2013-05-13,13.460000,13.500000,13.380000,13.430000,12.860376,57900
2013-05-14,13.500000,13.500000,13.410000,13.500000,12.927408,39300
2013-05-15,14.370000,14.410000,14.320000,14.340000,13.731780,53600
2013-05-16,13.820000,13.910000,13.760000,13.870000,13.281714,121900
2013-05-17,13.670000,13.830000,13.600000,13.770000,13.185956,94900
2013-05-20,13.630000,13.650000,13.490000,13.640000,13.061470,353100
2013-05-21,14.050000,14.050000,13.730000,13.990000,13.396624,71400
2013-05-22,13.610000,13.700000,13.490000,13.490000,12.917830,192700
2013-05-23,12.970000,13.340000,12.600000,13.250000,12.688011,444300
2013-05-24,13.040000,13.180000,12.900000,13.040000,12.486917,236600
2013-05-28,12.530000,12.700000,12.500000,12.620000,12.084732,46900
2013-05-29,12.540000,12.590000,12.450000,12.470000,11.941093,74100
2013-05-30,12.570000,12.600000,12.520000,12.570000,12.036854,83000
2013-05-31,12.460000,12.530000,12.400000,12.470000,11.941093,64700
2013-06-03,12.390000,12.520000,12.290000,12.390000,11.864489,56500
2013-06-04,12.470000,12.560000,12.440000,12.520000,11.988976,32000
2013-06-05,12.190000,12.190000,12.020000,12.050000,11.538909,56800
2013-06-06,11.740000,11.890000,11.650000,11.840000,11.337816,256000
2013-06-07,11.930000,12.280000,11.930000,12.260000,11.740002,51000
2013-06-10,12.600000,12.640000,12.530000,12.580000,12.046429,38000
2013-06-11,12.260000,12.430000,12.260000,12.270000,11.749578,31500
2013-06-12,12.300000,12.300000,12.030000,12.110000,11.596364,20100
2013-06-13,12.280000,12.650000,12.280000,12.650000,12.113461,45500
2013-06-14,12.650000,12.650000,12.430000,12.470000,11.941093,37600
2013-06-17,13.670000,13.800000,13.460000,13.560000,12.984863,101400
2013-06-18,13.800000,13.910000,13.770000,13.800000,13.214683,107400
2013-06-19,14.340000,14.400000,14.180000,14.200000,13.597718,85700
2013-06-20,13.900000,13.950000,13.640000,13.680000,13.099772,60900
2013-06-21,14.000000,14.000000,13.660000,13.950000,13.358321,31900
2013-06-24,13.860000,13.930000,13.690000,13.890000,13.300867,45300
2013-06-25,13.710000,13.710000,13.550000,13.650000,13.071046,34000
2013-06-26,14.120000,14.220000,14.090000,14.190000,13.588142,32400
2013-06-27,14.140000,14.200000,13.970000,13.970000,13.377473,68700
2013-06-28,14.700000,14.760000,14.600000,14.670000,14.047784,278900
2013-07-01,14.700000,14.830000,14.700000,14.740000,14.114814,32600
2013-07-02,14.570000,14.570000,14.320000,14.330000,13.722205,75300
2013-07-03,14.430000,14.550000,14.360000,14.500000,13.884995,9400
2013-07-05,14.840000,14.930000,14.740000,14.840000,14.210574,39900
2013-07-08,14.660000,14.830000,14.660000,14.750000,14.124390,49900
2013-07-09,14.980000,14.990000,14.940000,14.980000,14.344634,37800
2013-07-10,15.220000,15.230000,15.100000,15.110000,14.469121,52300
2013-07-11,15.210000,15.300000,15.160000,15.290000,14.641486,23400
2013-07-12,15.120000,15.250000,15.040000,15.180000,14.536153,26100
2013-07-15,15.010000,15.300000,15.010000,15.200000,14.555303,15500
2013-07-16,15.320000,15.890000,15.320000,15.800000,15.129855,145500
2013-07-17,16.959999,17.000000,16.850000,16.860001,16.144897,360700
2013-07-18,16.200001,16.410000,16.200001,16.350000,15.656526,329600
2013-07-19,16.410000,16.799999,16.400000,16.750000,16.039562,384700
2013-07-22,17.520000,17.559999,17.430000,17.440001,16.700298,376900
2013-07-23,17.490000,17.500000,17.299999,17.379999,16.642839,174900
2013-07-24,17.379999,17.480000,17.350000,17.350000,16.614115,55400
2013-07-25,16.770000,16.879999,16.530001,16.700001,15.991682,344200
2013-07-26,16.700001,16.700001,16.410000,16.500000,15.800165,27400
2013-07-29,16.230000,16.430000,16.200001,16.240000,15.551191,129500
2013-07-30,16.440001,16.510000,16.360001,16.430000,15.733135,76900
2013-07-31,15.510000,15.800000,15.510000,15.800000,15.129855,35100
2013-08-01,16.610001,16.660000,16.510000,16.530001,15.828894,37500
2013-08-02,16.360001,16.610001,16.360001,16.540001,15.838470,47000
2013-08-05,16.400000,16.430000,16.360001,16.430000,15.733135,13300
2013-08-06,17.020000,17.049999,16.889999,16.969999,16.250231,46400
2013-08-07,16.719999,16.780001,16.650000,16.740000,16.029985,24000
2013-08-08,16.389999,16.430000,16.200001,16.400000,15.704406,26300
2013-08-09,16.379999,16.379999,16.260000,16.270000,15.579921,4500
2013-08-12,15.840000,15.990000,15.840000,15.910000,15.235189,12100
2013-08-13,15.920000,15.950000,15.750000,15.950000,15.273493,34400
2013-08-14,16.070000,16.070000,15.830000,15.830000,15.158583,9300
2013-08-15,15.720000,15.770000,15.670000,15.760000,15.091552,11500
2013-08-16,15.610000,15.640000,15.500000,15.530000,14.871306,10000
2013-08-19,15.710000,15.780000,15.610000,15.670000,15.005368,8400
2013-08-20,15.530000,15.530000,15.330000,15.430000,14.775549,17200
2013-08-21,15.490000,15.530000,15.350000,15.470000,14.813851,8300
2013-08-22,15.450000,15.480000,15.410000,15.440000,14.785125,11500
2013-08-23,15.370000,15.370000,15.290000,15.350000,14.698941,12200
2013-08-26,15.450000,15.450000,15.380000,15.390000,14.737246,16400
2013-08-27,15.500000,15.640000,15.400000,15.600000,14.938338,34400
2013-08-28,15.370000,15.480000,15.260000,15.410000,14.756396,27000
2013-08-29,15.190000,15.190000,15.080000,15.130000,14.488273,26700
2013-08-30,14.170000,14.170000,13.950000,14.090000,13.492384,209900
2013-09-03,14.930000,14.930000,14.680000,14.700000,14.076510,10000
2013-09-04,15.150000,15.340000,15.150000,15.300000,14.651062,22200
2013-09-05,15.150000,15.210000,15.080000,15.120000,14.478698,15600
2013-09-06,14.780000,14.800000,14.410000,14.510000,13.894569,667700
2013-09-09,13.850000,14.050000,13.750000,13.800000,13.214683,110700
2013-09-10,13.500000,13.600000,13.500000,13.500000,12.927408,35700
2013-09-11,13.700000,13.770000,13.600000,13.720000,13.138077,8800
2013-09-12,13.680000,13.680000,13.570000,13.570000,12.994440,31800
2013-09-13,13.600000,13.600000,13.530000,13.550000,12.975286,25000
2013-09-16,13.700000,13.820000,13.680000,13.720000,13.138077,21300
2013-09-17,13.700000,13.750000,13.650000,13.750000,13.166805,21600
2013-09-18,13.840000,14.080000,13.750000,14.020000,13.425354,60400
2013-09-19,14.030000,14.050000,13.960000,14.040000,13.444505,43500
2013-09-20,14.480000,14.540000,14.420000,14.420000,13.808387,44300
2013-09-23,14.450000,14.620000,14.390000,14.470000,13.856266,47300
2013-09-24,14.450000,14.630000,14.450000,14.560000,13.942449,14700
2013-09-25,14.500000,14.600000,14.440000,14.600000,13.980752,22600
2013-09-26,14.570000,14.570000,14.350000,14.400000,13.789235,38200
2013-09-27,14.340000,14.450000,14.280000,14.430000,13.817964,137200
2013-09-30,14.180000,14.180000,14.080000,14.120000,13.521111,49500
2013-10-01,14.230000,14.230000,14.100000,14.210000,13.607295,34100
2013-10-02,13.980000,13.980000,13.780000,13.810000,13.224260,1094600
2013-10-03,13.850000,13.850000,13.790000,13.830000,13.243411,387800
2013-10-04,13.970000,14.070000,13.910000,14.060000,13.463656,495400
2013-10-07,13.690000,13.890000,13.670000,13.860000,13.272139,21600
2013-10-08,13.890000,13.980000,13.820000,13.840000,13.252987,15600
2013-10-09,14.010000,14.060000,13.930000,14.030000,13.434928,210700
2013-10-10,14.360000,14.500000,14.360000,14.470000,13.856266,46600
2013-10-11,14.490000,14.540000,14.430000,14.500000,13.884995,15700
2013-10-14,14.500000,14.590000,14.400000,14.590000,13.971177,12000
2013-10-15,14.300000,14.340000,14.220000,14.220000,13.616869,59200
2013-10-16,14.340000,14.470000,14.340000,14.470000,13.856266,15400
2013-10-17,14.610000,14.710000,14.610000,14.700000,14.076510,54300
2013-10-18,14.650000,14.650000,14.560000,14.580000,13.961600,117400
2013-10-21,14.770000,14.770000,14.740000,14.770000,14.143543,169400
2013-10-22,14.760000,14.760000,14.620000,14.670000,14.047784,94800
2013-10-23,14.570000,15.040000,14.530000,14.560000,13.942449,91600
2013-10-24,14.790000,14.790000,14.720000,14.740000,14.114814,31600
2013-10-25,14.460000,14.550000,14.460000,14.520000,13.904146,21200
2013-10-28,14.580000,14.670000,14.560000,14.580000,13.961600,15100
2013-10-29,14.560000,14.620000,14.550000,14.620000,13.999905,10200
2013-10-30,14.350000,14.350000,14.050000,14.050000,13.454080,103800
2013-10-31,14.110000,14.110000,14.000000,14.010000,13.415776,20200
2013-11-01,14.000000,14.100000,13.960000,14.030000,13.434928,12700
2013-11-04,14.280000,14.280000,14.000000,14.050000,13.454080,33200
2013-11-05,14.610000,14.700000,14.610000,14.700000,14.076510,17400
2013-11-06,15.200000,15.210000,15.170000,15.180000,14.536153,61800
2013-11-07,15.000000,15.000000,14.870000,14.880000,14.248877,8800
2013-11-08,15.410000,15.480000,15.330000,15.460000,14.804276,48200
2013-11-11,15.200000,15.370000,15.170000,15.240000,14.593607,8800
2013-11-12,15.300000,15.410000,15.300000,15.350000,14.698941,37200
2013-11-13,15.550000,15.800000,15.550000,15.800000,15.129855,63100
2013-11-14,15.650000,15.680000,15.610000,15.680000,15.014946,45200
2013-11-15,16.320000,16.379999,16.270000,16.350000,15.656526,118400
2013-11-18,16.209999,16.400000,16.200001,16.200001,15.512891,39800
2013-11-19,16.219999,16.330000,16.190001,16.299999,15.608647,21600
2013-11-20,16.320000,16.389999,16.290001,16.290001,15.599073,15900
2013-11-21,16.049999,16.190001,16.049999,16.110001,15.426708,16800
2013-11-22,16.690001,16.809999,16.690001,16.799999,16.087439,91100
2013-11-25,16.740000,16.910000,16.740000,16.850000,16.135321,66800
2013-11-26,16.639999,16.639999,16.440001,16.459999,15.761860,102100
2013-11-27,16.059999,16.190001,16.049999,16.139999,15.455434,88400
2013-11-29,16.139999,16.150000,16.030001,16.080000,15.397979,11400
2013-12-02,15.970000,16.049999,15.970000,16.020000,15.340525,7100
2013-12-03,15.370000,15.400000,15.300000,15.390000,14.737246,66300
2013-12-04,15.130000,15.300000,15.130000,15.300000,14.651062,28200
2013-12-05,15.350000,15.390000,15.270000,15.290000,14.641486,19800
2013-12-06,15.410000,15.470000,15.410000,15.470000,14.813851,7000
2013-12-09,15.480000,15.480000,15.380000,15.410000,14.756396,16500
2013-12-10,15.480000,15.600000,15.480000,15.600000,14.938338,10400
2013-12-11,15.320000,15.550000,15.280000,15.280000,14.631910,26200
2013-12-12,15.410000,15.470000,15.360000,15.360000,14.708517,30000
2013-12-13,15.270000,15.270000,15.060000,15.150000,14.507424,32600
2013-12-16,15.160000,15.280000,15.160000,15.270000,14.622335,16700
2013-12-17,15.260000,15.340000,15.240000,15.270000,14.622335,17600
2013-12-18,15.980000,15.980000,15.750000,15.870000,15.196886,71500
2013-12-19,16.250000,16.400000,16.250000,16.280001,15.589496,88300
2013-12-20,16.400000,16.500000,16.400000,16.450001,15.752287,36300
2013-12-23,16.469999,16.620001,16.469999,16.600000,15.895925,71200
2013-12-24,16.600000,16.650000,16.600000,16.600000,15.895925,59002
013-12-26,16.650000,16.730000,16.549999,16.590000,15.886347,40500
2013-12-27,16.639999,16.760000,16.639999,16.730000,16.020409,33500
2013-12-30,16.760000,16.799999,16.639999,16.740000,16.029985,41500
2013-12-31,16.700001,16.740000,16.670000,16.680000,15.972529,28700
2014-01-02,16.620001,16.780001,16.549999,16.549999,15.848044,32100
2014-01-03,16.790001,16.790001,16.490000,16.620001,15.915077,24000
2014-01-06,16.920000,17.020000,16.879999,17.010000,16.288538,70900
2014-01-07,17.049999,17.200001,17.049999,17.150000,16.422594,30600
2014-01-08,18.860001,18.900000,18.620001,18.660000,17.868551,139300
2014-01-09,18.309999,18.309999,18.209999,18.250000,17.475943,114500
2014-01-10,19.090000,19.090000,18.910000,18.950001,18.146250,104900
2014-01-13,19.139999,19.150000,18.900000,18.910000,18.107948,63500
2014-01-14,18.670000,18.740000,18.549999,18.660000,17.868551,77700
2014-01-15,18.309999,18.450001,18.090000,18.219999,17.447212,23430
2014-01-16,18.000000,18.000000,17.900000,17.959999,17.198240,120600
2014-01-17,14.950000,15.500000,14.500000,14.900000,14.268027,1773200
2014-01-21,15.980000,16.120001,15.920000,16.040001,15.359676,205600
2014-01-22,16.760000,16.780001,16.690001,16.700001,15.991682,65800
2014-01-23,16.490000,16.500000,16.330000,16.360001,15.666104,44500
2014-01-24,16.170000,16.250000,16.129999,16.150000,15.465010,53900
2014-01-27,16.100000,16.320000,15.820000,16.100000,15.417130,205500
2014-01-28,15.490000,15.580000,15.390000,15.470000,14.813851,112000
2014-01-29,16.520000,16.830000,16.049999,16.230000,15.541616,456600
2014-01-30,15.000000,15.150000,15.000000,15.060000,14.421243,149900
2014-01-31,14.620000,14.670000,14.520000,14.630000,14.009480,156000
2014-02-03,14.750000,14.750000,14.500000,14.640000,14.019056,190100
2014-02-04,14.620000,14.960000,14.620000,14.890000,14.258452,134400
2014-02-05,14.130000,14.150000,14.020000,14.140000,13.540263,72400
2014-02-06,13.970000,14.090000,13.960000,14.070000,13.473232,154900
2014-02-07,14.010000,14.190000,14.000000,14.150000,13.549838,39400
2014-02-10,14.700000,14.940000,14.690000,14.940000,14.306332,822400
2014-02-11,14.920000,14.980000,14.910000,14.970000,14.335059,74400
2014-02-12,14.780000,14.930000,14.780000,14.900000,14.268027,584700
2014-02-13,14.480000,14.520000,14.260000,14.500000,13.884995,731800
2014-02-14,14.390000,14.530000,14.390000,14.520000,13.904146,44400
2014-02-18,15.030000,15.200000,15.010000,15.070000,14.430817,303300
2014-02-19,15.350000,15.430000,15.290000,15.340000,14.689366,61000
2014-02-20,15.070000,15.070000,14.990000,15.030000,14.392513,24400
2014-02-21,15.370000,15.370000,15.250000,15.250000,14.603184,6300
2014-02-24,15.330000,15.460000,15.300000,15.370000,14.718093,74100
2014-02-25,15.480000,15.480000,15.300000,15.390000,14.737246,7700
2014-02-26,15.780000,15.850000,15.760000,15.760000,15.091552,110200
2014-02-27,15.100000,15.300000,15.100000,15.300000,14.651062,34100
2014-02-28,15.430000,15.450000,15.390000,15.400000,14.746821,23200
2014-03-03,15.010000,15.210000,15.010000,15.200000,14.555303,268400
2014-03-04,15.520000,15.630000,15.480000,15.560000,14.900036,178200
2014-03-05,15.450000,15.450000,15.280000,15.280000,14.631910,7900
2014-03-06,15.410000,15.450000,15.300000,15.300000,14.651062,151300
2014-03-07,15.230000,15.260000,15.230000,15.230000,14.584031,20300
2014-03-10,15.050000,15.050000,14.850000,14.870000,14.239301,171200
2014-03-11,14.840000,14.910000,14.800000,14.870000,14.239301,434200
2014-03-12,14.660000,14.920000,14.660000,14.820000,14.191422,13100
2014-03-13,14.870000,15.000000,14.840000,14.850000,14.220148,737100
2014-03-14,14.520000,14.650000,14.500000,14.640000,14.019056,25600
2014-03-17,14.700000,14.870000,14.650000,14.700000,14.076510,42700
2014-03-18,14.460000,14.500000,14.420000,14.470000,13.856266,21900
2014-03-19,14.450000,14.450000,14.350000,14.380000,13.770084,47900
2014-03-20,14.240000,14.240000,14.150000,14.230000,13.626445,14500
2014-03-21,14.250000,14.310000,14.120000,14.120000,13.521111,19900
2014-03-24,14.770000,14.840000,14.680000,14.840000,14.210574,33500
2014-03-25,14.250000,14.420000,14.250000,14.330000,13.722205,93500
2014-03-26,14.550000,14.710000,14.490000,14.490000,13.995780,130400
2014-03-27,14.380000,14.390000,14.320000,14.370000,13.879873,214500
2014-03-28,14.580000,14.690000,14.580000,14.640000,14.140665,20500
2014-03-31,14.850000,15.020000,14.850000,14.890000,14.382137,46600
2014-04-01,14.690000,14.770000,14.670000,14.720000,14.217936,26300
2014-04-02,14.660000,14.660000,14.550000,14.610000,14.111688,26400
2014-04-03,14.490000,14.500000,14.360000,14.390000,13.899192,41600
2014-04-04,14.450000,14.450000,14.220000,14.250000,13.763966,28800
2014-04-07,14.250000,14.350000,14.250000,14.280000,13.792943,15600
2014-04-08,13.960000,14.090000,13.960000,14.040000,13.561129,36700
2014-04-09,14.020000,14.020000,13.900000,13.980000,13.503176,13900
2014-04-10,13.860000,13.950000,13.770000,13.820000,13.348633,639900
2014-04-11,13.580000,13.680000,13.490000,13.520000,13.058866,506800
2014-04-14,13.600000,13.700000,13.440000,13.500000,13.039547,293500
2014-04-15,13.350000,13.350000,13.200000,13.320000,12.865686,522700
2014-04-16,13.400000,13.420000,13.360000,13.410000,12.952616,42000
2014-04-17,13.690000,13.690000,13.570000,13.640000,13.174771,12200
2014-04-21,13.720000,13.720000,13.620000,13.630000,13.165112,6200
2014-04-22,13.530000,13.550000,13.420000,13.480000,13.020227,39300
2014-04-23,13.550000,13.550000,13.430000,13.480000,13.020227,27900
2014-04-24,13.450000,13.450000,13.320000,13.370000,12.913981,22500
2014-04-25,13.100000,13.110000,12.990000,13.020000,12.575918,31900
2014-04-28,13.090000,13.090000,13.000000,13.070000,12.624213,32200
2014-04-29,13.080000,13.150000,13.070000,13.080000,12.633872,18000
2014-04-30,13.080000,13.150000,13.070000,13.080000,12.633872,16100
2014-05-01,13.230000,13.320000,13.190000,13.300000,12.846370,399400
2014-05-02,13.330000,13.440000,13.330000,13.400000,12.942958,14300
2014-05-05,13.390000,13.490000,13.390000,13.450000,12.991253,17800
2014-05-06,13.580000,13.580000,13.390000,13.400000,12.942958,26200
2014-05-07,13.180000,13.250000,12.940000,13.180000,12.730461,30400
2014-05-08,12.960000,13.090000,12.900000,12.930000,12.488989,129200
2014-05-09,13.150000,13.290000,13.060000,13.140000,12.691827,767300
2014-05-12,13.070000,13.190000,13.070000,13.180000,12.730461,17100
2014-05-13,13.460000,13.480000,13.430000,13.440000,12.981593,40400
2014-05-14,13.480000,13.720000,13.440000,13.450000,12.991253,30400
2014-05-15,13.650000,13.650000,13.480000,13.500000,13.039547,21000
2014-05-16,13.450000,13.530000,13.450000,13.450000,12.991253,10900
2014-05-19,13.610000,13.610000,13.450000,13.600000,13.136137,12700
2014-05-20,13.770000,13.860000,13.770000,13.840000,13.367950,48800
2014-05-21,13.810000,13.970000,13.810000,13.900000,13.425904,33400
2014-05-22,14.130000,14.130000,14.050000,14.080000,13.599766,72200
2014-05-23,14.090000,14.260000,14.090000,14.220000,13.734990,23100
2014-05-27,14.300000,14.360000,14.290000,14.350000,13.860556,454100
2014-05-28,14.240000,14.290000,14.210000,14.270000,13.783283,489000
2014-05-29,14.420000,14.570000,14.420000,14.540000,14.044076,60100
2014-05-30,14.620000,14.620000,14.460000,14.560000,14.063394,8300
2014-06-02,14.540000,14.590000,14.470000,14.520000,14.024758,34200
2014-06-03,14.480000,14.560000,14.480000,14.540000,14.044076,11900
2014-06-04,14.500000,14.650000,14.490000,14.590000,14.092369,12900
2014-06-05,14.540000,14.540000,14.350000,14.420000,13.928167,851400
2014-06-06,14.450000,14.460000,14.310000,14.360000,13.870214,9300
2014-06-09,14.520000,14.580000,14.510000,14.550000,14.053735,42900
2014-06-10,14.550000,14.600000,14.380000,14.450000,13.957145,62000
2014-06-11,14.330000,14.330000,14.010000,14.010000,13.532153,984200
2014-06-12,14.110000,14.110000,13.940000,13.940000,13.464539,151300
2014-06-13,14.280000,14.290000,14.200000,14.260000,13.773624,27500
2014-06-16,14.620000,14.730000,14.550000,14.670000,14.169642,65600
2014-06-17,14.840000,14.840000,14.740000,14.810000,14.304867,25200
2014-06-18,14.980000,15.220000,14.980000,15.200000,14.681563,66000
2014-06-19,15.270000,15.280000,15.180000,15.220000,14.700882,6400
2014-06-20,15.290000,15.350000,15.290000,15.350000,14.826447,42300
2014-06-23,15.170000,15.200000,15.060000,15.080000,14.565657,17000
2014-06-24,15.160000,15.300000,15.110000,15.120000,14.604292,110900
2014-06-25,14.950000,15.020000,14.950000,14.990000,14.478727,35100
2014-06-26,14.930000,14.980000,14.840000,14.890000,14.382137,30200
2014-06-27,14.800000,14.850000,14.700000,14.790000,14.285548,74500
2014-06-30,14.840000,15.000000,14.820000,14.950000,14.440091,40200
2014-07-01,15.060000,15.160000,15.060000,15.140000,14.623611,20500
2014-07-02,15.430000,15.430000,15.300000,15.340000,14.816790,58100
2014-07-03,15.590000,15.680000,15.590000,15.620000,15.087239,51600
2014-07-07,15.680000,15.720000,15.660000,15.720000,15.183828,13800
2014-07-08,15.620000,15.620000,15.440000,15.510000,14.980990,39400
2014-07-09,15.530000,15.620000,15.530000,15.590000,15.058263,6800
2014-07-10,15.360000,15.360000,15.110000,15.210000,14.691222,21600
2014-07-11,15.150000,15.150000,15.000000,15.070000,14.555998,17600
2014-07-14,15.400000,15.440000,15.280000,15.370000,14.845765,13300
2014-07-15,15.480000,15.480000,15.320000,15.400000,14.874743,118700
2014-07-16,15.620000,15.620000,15.470000,15.510000,14.980990,15600
2014-07-17,15.520000,15.520000,15.360000,15.370000,14.845765,26700
2014-07-18,15.510000,15.570000,15.470000,15.560000,15.029286,81400
2014-07-21,15.480000,15.480000,15.350000,15.450000,14.923037,44700
2014-07-22,15.860000,15.920000,15.840000,15.900000,15.357688,35700
2014-07-23,15.980000,15.980000,15.700000,15.770000,15.232124,770200
2014-07-24,15.550000,15.550000,15.500000,15.520000,14.990649,21600
2014-07-25,15.590000,15.630000,15.560000,15.590000,15.058263,5700
2014-07-28,15.200000,15.310000,15.200000,15.210000,14.691222,15900
2014-07-29,15.210000,15.230000,15.110000,15.110000,14.594633,17000
2014-07-30,14.380000,14.540000,14.230000,14.350000,13.860556,84400
2014-07-31,13.970000,13.980000,13.800000,13.830000,13.358292,85300
2014-08-01,13.770000,13.840000,13.740000,13.750000,13.281021,46400
2014-08-04,13.720000,13.720000,13.600000,13.680000,13.213408,10600
2014-08-05,13.650000,13.650000,13.430000,13.460000,13.000911,80400
2014-08-06,13.450000,13.520000,13.360000,13.460000,13.000911,34600
2014-08-07,13.410000,13.500000,13.400000,13.400000,12.942958,20700
2014-08-08,13.360000,13.380000,13.250000,13.350000,12.894665,37200
2014-08-11,13.370000,13.490000,13.360000,13.440000,12.981593,20200
2014-08-12,13.490000,13.490000,13.300000,13.310000,12.856028,11400
2014-08-13,13.360000,13.420000,13.360000,13.380000,12.923640,16200
2014-08-14,13.540000,13.550000,13.400000,13.470000,13.010570,14800
2014-08-15,13.740000,13.780000,13.720000,13.780000,13.309997,35100
2014-08-18,14.390000,14.390000,14.280000,14.350000,13.860556,50600
2014-08-19,14.260000,14.260000,14.180000,14.180000,13.696355,14000
2014-08-20,14.000000,14.050000,13.920000,14.010000,13.532153,15400
2014-08-21,13.860000,13.990000,13.860000,13.990000,13.512835,16400
2014-08-22,14.000000,14.000000,13.900000,13.930000,13.454882,13700
2014-08-25,13.960000,14.060000,13.960000,14.030000,13.551470,9500
2014-08-26,13.960000,13.960000,13.850000,13.890000,13.416246,22700
2014-08-27,13.900000,13.900000,13.830000,13.850000,13.377610,6500
2014-08-28,13.740000,13.750000,13.700000,13.710000,13.242384,18100
2014-08-29,13.900000,13.960000,13.850000,13.890000,13.416246,107300
2014-09-02,14.450000,14.450000,14.300000,14.300000,13.812261,32400
2014-09-03,14.170000,14.210000,14.120000,14.170000,13.686695,34900
2014-09-04,14.190000,14.250000,14.120000,14.150000,13.667377,53700
2014-09-05,14.150000,14.180000,14.150000,14.160000,13.677036,10700
2014-09-08,13.960000,14.030000,13.820000,13.900000,13.425904,46900
2014-09-09,13.770000,13.780000,13.700000,13.730000,13.261703,16000
2014-09-10,13.930000,14.010000,13.930000,14.010000,13.532153,36100
2014-09-11,14.000000,14.000000,13.920000,13.950000,13.474198,7600
2014-09-12,13.790000,13.840000,13.750000,13.780000,13.309997,63800
2014-09-15,13.820000,13.820000,13.750000,13.760000,13.290680,10400
2014-09-16,13.960000,14.160000,13.960000,14.160000,13.677036,21500
2014-09-17,13.920000,14.000000,13.890000,13.910000,13.435564,12800
2014-09-18,13.850000,14.090000,13.850000,14.070000,13.590106,10400
2014-09-19,13.900000,13.940000,13.880000,13.930000,13.454882,38900
2014-09-22,13.900000,14.090000,13.900000,14.090000,13.609424,39900
2014-09-23,14.030000,14.070000,13.970000,13.970000,13.493517,73700
2014-09-24,13.750000,13.890000,13.720000,13.790000,13.319655,29100
2014-09-25,13.950000,13.950000,13.740000,13.750000,13.281021,10200
2014-09-26,13.760000,13.820000,13.750000,13.800000,13.329314,32700
2014-09-29,13.630000,13.660000,13.530000,13.600000,13.136137,33800
2014-09-30,13.590000,13.590000,13.540000,13.590000,13.126478,34200
2014-10-01,13.390000,13.400000,13.290000,13.330000,12.875345,27900
2014-10-02,13.180000,13.190000,13.080000,13.130000,12.682168,30100
2014-10-03,13.130000,13.130000,13.070000,13.110000,12.662849,12900
2014-10-06,13.180000,13.300000,13.180000,13.290000,12.836711,12500
2014-10-07,13.300000,13.330000,13.110000,13.110000,12.662849,16500
2014-10-08,13.000000,13.240000,12.990000,13.240000,12.788415,17400
2014-10-09,13.080000,13.100000,12.950000,12.960000,12.517966,18100
2014-10-10,12.940000,12.940000,12.800000,12.800000,12.363423,13400
2014-10-13,12.810000,12.830000,12.690000,12.690000,12.257173,47300
2014-10-14,12.880000,12.960000,12.820000,12.830000,12.392399,22400
2014-10-15,12.780000,12.810000,12.620000,12.780000,12.344104,32600
2014-10-16,12.620000,12.660000,12.430000,12.590000,12.160585,40700
2014-10-17,12.620000,12.750000,12.600000,12.670000,12.237857,33500
2014-10-20,12.650000,12.830000,12.650000,12.780000,12.344104,24800
2014-10-21,12.870000,12.950000,12.870000,12.950000,12.508307,25500
2014-10-22,13.000000,13.040000,12.980000,13.010000,12.566259,126500
2014-10-23,13.010000,13.050000,12.990000,13.020000,12.575918,26700
2014-10-24,12.670000,12.730000,12.630000,12.720000,12.286151,39200
2014-10-27,12.940000,12.970000,12.780000,12.910000,12.469670,23300
2014-10-28,12.970000,12.970000,12.810000,12.900000,12.460011,31600
2014-10-29,13.350000,13.850000,13.350000,13.800000,13.329314,39900
2014-10-30,12.940000,13.000000,12.860000,12.940000,12.498647,67500
2014-10-31,13.530000,13.680000,13.330000,13.670000,13.203749,47800
2014-11-03,13.250000,13.790000,13.240000,13.790000,13.319655,18600
2014-11-04,13.460000,13.490000,13.360000,13.470000,13.010570,17600
2014-11-05,13.660000,13.660000,13.440000,13.480000,13.020227,11400
2014-11-06,13.200000,13.320000,13.190000,13.270000,12.817393,10300
2014-11-07,13.220000,13.220000,13.070000,13.130000,12.682168,31500
2014-11-10,13.220000,13.320000,13.080000,13.150000,12.701484,20400
2014-11-11,13.450000,13.450000,13.340000,13.400000,12.942958,21900
2014-11-12,13.570000,13.610000,13.550000,13.550000,13.087842,23400
2014-11-13,13.650000,13.650000,13.500000,13.510000,13.049206,62200
2014-11-14,13.820000,13.820000,13.700000,13.770000,13.300339,15300
2014-11-17,13.590000,13.600000,13.520000,13.580000,13.116818,7800
2014-11-18,13.800000,13.900000,13.800000,13.900000,13.425904,25700
2014-11-19,13.760000,13.760000,13.630000,13.630000,13.165112,32500
2014-11-20,13.570000,13.670000,13.570000,13.620000,13.155454,10600
2014-11-21,13.830000,13.850000,13.760000,13.800000,13.329314,22600
2014-11-24,13.800000,13.820000,13.760000,13.790000,13.319655,34800
2014-11-25,13.930000,14.000000,13.930000,13.980000,13.503176,37100
2014-11-26,14.480000,14.550000,14.350000,14.450000,13.957145,204600
2014-11-28,14.500000,14.540000,14.420000,14.500000,14.005439,51700
2014-12-01,14.780000,14.870000,14.670000,14.820000,14.314525,43400
2014-12-02,14.500000,14.570000,14.470000,14.540000,14.044076,22000
2014-12-03,14.650000,14.780000,14.650000,14.740000,14.237253,38900
2014-12-04,14.660000,14.660000,14.500000,14.550000,14.053735,27200
2014-12-05,14.570000,14.640000,14.300000,14.410000,13.918509,350100
2014-12-08,14.130000,14.350000,14.130000,14.170000,13.686695,35900
2014-12-09,14.140000,14.140000,13.980000,14.030000,13.551470,40300
2014-12-10,14.120000,14.280000,14.050000,14.140000,13.657719,19000
2014-12-11,14.120000,14.120000,14.020000,14.020000,13.541812,21300
2014-12-12,13.880000,13.890000,13.750000,13.750000,13.281021,28400
2014-12-15,13.690000,13.710000,13.520000,13.570000,13.107159,42500
2014-12-16,13.380000,13.400000,13.260000,13.300000,12.846370,65300
2014-12-17,13.290000,13.410000,13.260000,13.260000,12.807734,54900
2014-12-18,13.400000,13.500000,13.340000,13.470000,13.010570,29700
2014-12-19,13.240000,13.300000,13.240000,13.270000,12.817393,47400
2014-12-22,13.220000,13.290000,13.170000,13.200000,12.749780,30700
2014-12-23,13.310000,13.310000,13.200000,13.240000,12.788415,22600
2014-12-24,13.350000,13.350000,13.250000,13.310000,12.856028,7400
2014-12-26,13.260000,13.400000,13.260000,13.330000,12.875345,27300
2014-12-29,13.050000,13.150000,12.970000,13.090000,12.643532,95100
2014-12-30,13.180000,13.180000,12.980000,13.010000,12.566259,114100
2014-12-31,12.960000,13.040000,12.950000,12.950000,12.508307,82300
2015-01-02,12.960000,13.050000,12.960000,13.040000,12.595237,23900
2015-01-05,12.840000,12.840000,12.680000,12.690000,12.257173,115100
2015-01-06,12.500000,12.500000,12.370000,12.370000,11.948089,70600
2015-01-07,12.480000,12.570000,12.480000,12.510000,12.083315,26200
2015-01-08,12.760000,12.800000,12.690000,12.800000,12.363423,43400
2015-01-09,12.820000,12.900000,12.670000,12.710000,12.276491,46600
2015-01-12,12.760000,12.800000,12.620000,12.730000,12.295810,37600
2015-01-13,12.880000,13.020000,12.850000,12.890000,12.450354,30000
2015-01-14,12.390000,12.490000,12.310000,12.470000,12.044679,33400
2015-01-15,12.900000,12.930000,12.740000,12.780000,12.344104,48300
2015-01-16,12.840000,12.850000,12.740000,12.850000,12.411716,40000
2015-01-20,12.980000,12.980000,12.740000,12.800000,12.363423,30200
2015-01-21,12.720000,12.890000,12.720000,12.840000,12.402058,18000
2015-01-22,12.710000,12.840000,12.660000,12.810000,12.373082,50400
2015-01-23,12.680000,12.700000,12.570000,12.670000,12.237857,14300
2015-01-26,12.790000,12.840000,12.660000,12.810000,12.373082,60200
2015-01-27,12.810000,12.930000,12.810000,12.890000,12.450354,29300
2015-01-28,12.750000,12.750000,12.400000,12.420000,11.996384,47300
2015-01-29,12.000000,12.000000,11.800000,11.890000,11.484460,96600
2015-01-30,11.960000,12.110000,11.960000,12.040000,11.629345,91000
2015-02-02,12.140000,12.210000,12.140000,12.210000,11.793546,51600
2015-02-03,11.990000,12.100000,11.990000,12.100000,11.687299,59300
2015-02-04,12.120000,12.120000,12.000000,12.040000,11.629345,37900
2015-02-05,12.100000,12.150000,12.020000,12.120000,11.706615,40800
2015-02-06,12.290000,12.490000,12.290000,12.430000,12.006043,21500
2015-02-09,12.280000,12.350000,12.210000,12.250000,11.832182,41000
2015-02-10,12.480000,12.480000,12.360000,12.400000,11.977066,34100
2015-02-11,12.380000,12.420000,12.320000,12.370000,11.948089,19400
2015-02-12,12.170000,12.400000,12.170000,12.400000,11.977066,32600
2015-02-13,12.470000,12.470000,12.340000,12.410000,11.986725,24700
2015-02-17,12.400000,12.410000,12.340000,12.340000,11.919113,24000
2015-02-18,12.470000,12.570000,12.450000,12.570000,12.141268,28400
2015-02-19,12.700000,12.700000,12.670000,12.680000,12.247515,13600
2015-02-20,12.720000,12.770000,12.700000,12.770000,12.334446,36000
2015-02-23,12.730000,12.790000,12.690000,12.790000,12.353763,20200
2015-02-24,12.800000,12.820000,12.700000,12.770000,12.334446,27800
2015-02-25,12.800000,12.830000,12.780000,12.830000,12.392399,11000
2015-02-26,13.050000,13.050000,12.970000,13.010000,12.566259,32800
2015-02-27,13.400000,13.400000,13.280000,13.340000,12.885005,60000
2015-03-02,13.440000,13.510000,13.420000,13.500000,13.039547,26400
2015-03-03,13.490000,13.590000,13.490000,13.500000,13.039547,32500
2015-03-04,13.480000,13.540000,13.460000,13.490000,13.029887,15900
2015-03-05,14.060000,14.160000,14.060000,14.110000,13.628741,118400
2015-03-06,14.330000,14.340000,14.200000,14.250000,13.763966,36000
2015-03-09,14.300000,14.340000,14.140000,14.270000,13.783283,38800
2015-03-10,13.640000,13.830000,13.640000,13.810000,13.338974,29000
2015-03-11,13.600000,13.740000,13.600000,13.670000,13.203749,10400
2015-03-12,13.810000,13.950000,13.810000,13.940000,13.464539,16400
2015-03-13,14.020000,14.100000,14.010000,14.040000,13.561129,15200
2015-03-16,14.320000,14.380000,14.290000,14.290000,13.802602,56300
2015-03-17,16.000000,19.200001,16.000000,18.219999,17.598558,2241000
2015-03-18,21.209999,24.500000,21.209999,22.150000,21.394516,4248300
2015-03-19,19.879999,19.889999,19.309999,19.600000,18.931492,535800
2015-03-20,18.490000,18.690001,18.230000,18.690001,18.052528,457100
2015-03-23,19.110001,19.320000,19.110001,19.200001,18.545135,113900
2015-03-24,18.900000,18.900000,18.639999,18.650000,18.013891,103100
2015-03-25,19.500000,19.500000,19.160000,19.209999,18.554792,61600
2015-03-26,18.889999,19.139999,18.629999,18.660000,18.196562,57300
2015-03-27,19.219999,19.219999,18.900000,19.080000,18.606129,21700
2015-03-30,18.930000,18.930000,18.840000,18.920000,18.450104,61400
2015-03-31,18.400000,18.469999,18.400000,18.430000,17.972275,40400
2015-04-01,18.639999,18.730000,18.540001,18.719999,18.255070,19600
2015-04-02,18.350000,18.400000,18.320000,18.360001,17.904013,43500
2015-04-06,19.360001,19.709999,19.280001,19.639999,19.152222,38200
2015-04-07,19.840000,19.940001,19.760000,19.940001,19.444769,60400
2015-04-08,19.940001,19.940001,19.750000,19.790001,19.298498,50900
2015-04-09,19.480000,19.680000,19.459999,19.620001,19.132719,13300
2015-04-10,19.549999,19.799999,19.520000,19.740000,19.249739,20500
2015-04-13,20.490000,20.530001,20.290001,20.350000,19.844589,161600
2015-04-14,20.350000,20.350000,20.190001,20.230000,19.727568,28500
2015-04-15,20.700001,20.870001,20.700001,20.840000,20.322418,33600
2015-04-16,21.559999,21.700001,21.450001,21.600000,21.063543,56700
2015-04-17,21.459999,21.459999,21.120001,21.250000,20.722235,175100
2015-04-20,21.360001,21.360001,21.250000,21.350000,20.819752,72900
2015-04-21,21.680000,21.799999,21.610001,21.690001,21.151308,55500
2015-04-22,21.840000,21.930000,21.750000,21.879999,21.336588,63000
2015-04-23,21.129999,21.250000,21.010000,21.240000,20.712484,68100
2015-04-24,21.639999,21.930000,21.639999,21.850000,21.307333,26100
2015-04-27,21.680000,21.850000,21.530001,21.530001,20.995281,17700
2015-04-28,21.719999,22.350000,21.690001,22.250000,21.697401,62600
2015-04-29,22.049999,22.049999,21.750000,21.799999,21.258575,56500
2015-04-30,21.410000,21.410000,21.040001,21.040001,20.517452,40000
2015-05-01,21.180000,21.190001,21.080000,21.190001,20.663727,117900
2015-05-04,21.510000,21.510000,21.209999,21.299999,20.770992,54600
2015-05-05,21.209999,21.510000,20.879999,20.879999,20.361423,36100
2015-05-06,20.920000,20.930000,20.770000,20.780001,20.263908,294200
2015-05-07,21.170000,22.240000,21.120001,22.160000,21.609634,529400
2015-05-08,22.240000,22.420000,22.170000,22.389999,21.833923,64600
2015-05-11,21.549999,21.549999,21.400000,21.450001,20.917269,25000
2015-05-12,21.580000,21.620001,21.459999,21.590000,21.053793,51600
2015-05-13,23.010000,23.200001,23.010000,23.090000,22.516539,51400
2015-05-14,23.610001,23.650000,23.530001,23.650000,23.062628,60300
2015-05-15,23.780001,23.879999,23.660000,23.879999,23.286915,32800
2015-05-18,23.549999,23.549999,23.219999,23.270000,22.692066,570300
2015-05-19,23.000000,23.000000,22.719999,22.750000,22.184982,205700
2015-05-20,22.549999,22.559999,22.370001,22.480000,21.921686,64300
2015-05-21,22.320000,22.420000,22.260000,22.309999,21.755907,36100
2015-05-22,21.959999,22.080000,21.959999,22.010000,21.463360,25000
2015-05-26,21.740000,21.740000,21.400000,21.440001,20.907516,49700
2015-05-27,20.969999,21.100000,20.770000,21.070000,20.546705,20600
2015-05-28,21.059999,21.059999,20.790001,20.969999,20.449188,23000
2015-05-29,21.230000,21.230000,21.110001,21.160000,20.634470,10800
2015-06-01,21.600000,21.700001,21.510000,21.570000,21.034288,30100
2015-06-02,21.139999,21.180000,21.090000,21.090000,20.566208,24400
2015-06-03,21.200001,21.200001,21.049999,21.100000,20.575962,12800
2015-06-04,21.250000,21.250000,21.160000,21.190001,20.663727,8400
2015-06-05,20.860001,20.870001,20.820000,20.850000,20.332170,34600
2015-06-08,20.790001,20.790001,20.650000,20.719999,20.205399,39700
2015-06-09,20.389999,20.500000,20.330000,20.420000,19.912849,77800
2015-06-10,20.520000,20.730000,20.520000,20.650000,20.137138,59900
2015-06-11,20.420000,20.420000,20.240000,20.280001,19.776327,15300
2015-06-12,20.610001,20.650000,20.549999,20.650000,20.137138,13800
2015-06-15,20.530001,20.530001,20.370001,20.510000,20.000614,31000
2015-06-16,20.450001,20.629999,20.450001,20.629999,20.117634,16300
2015-06-17,20.070000,20.090000,19.870001,20.059999,19.561790,22200
2015-06-18,19.850000,19.969999,19.719999,19.959999,19.464273,23000
2015-06-19,19.840000,20.000000,19.840000,19.990000,19.493528,14900
2015-06-22,20.400000,20.670000,20.360001,20.540001,20.029869,1029900
2015-06-23,21.139999,21.299999,21.139999,21.290001,20.761244,410900
2015-06-24,21.350000,21.350000,20.900000,20.930000,20.410185,297300
2015-06-25,21.350000,21.760000,21.340000,21.760000,21.219572,357300
2015-06-26,22.100000,22.170000,22.000000,22.160000,21.609634,647800
2015-06-29,21.430000,21.559999,21.080000,21.280001,20.751492,200800
2015-06-30,21.170000,21.170000,20.850000,20.980000,20.458941,548400
2015-07-01,21.219999,21.760000,21.219999,21.520000,20.985531,68000
2015-07-02,21.370001,21.400000,21.330000,21.360001,20.829504,53300
2015-07-06,20.730000,20.889999,20.700001,20.799999,20.283411,74800
2015-07-07,20.760000,20.799999,20.549999,20.780001,20.263908,63400
2015-07-08,20.459999,20.530001,19.840000,20.000000,19.503281,1073900
2015-07-09,20.400000,20.420000,20.200001,20.230000,19.727568,72000
2015-07-10,20.250000,20.250000,20.020000,20.080000,19.581293,155200
2015-07-13,20.230000,20.330000,20.150000,20.270000,19.766577,62200
2015-07-14,20.090000,20.120001,20.000000,20.110001,19.610548,47200
2015-07-15,20.490000,20.559999,20.450001,20.480000,19.971359,37800
2015-07-16,21.010000,21.309999,21.010000,21.299999,20.770992,203600
2015-07-17,21.469999,21.620001,21.450001,21.610001,21.073296,277800
2015-07-20,21.520000,21.660000,21.520000,21.650000,21.112299,150000
2015-07-21,21.740000,21.910000,21.700001,21.900000,21.356092,168900
2015-07-22,21.629999,21.709999,21.559999,21.680000,21.141556,122300
2015-07-23,21.900000,22.000000,21.850000,21.879999,21.336588,124600
2015-07-24,21.860001,21.889999,21.700001,21.700001,21.161060,138900
2015-07-27,20.790001,21.040001,20.760000,20.830000,20.312668,65300
2015-07-28,20.809999,21.040001,20.790001,21.040001,20.517452,46600
2015-07-29,21.770000,22.950001,21.420000,22.900000,22.331257,147800
2015-07-30,22.290001,22.500000,22.209999,22.430000,21.872931,227600
2015-07-31,22.170000,22.170000,21.950001,22.010000,21.463360,39200
2015-08-03,22.260000,22.400000,22.150000,22.299999,21.746157,80900
2015-08-04,22.459999,22.459999,22.280001,22.379999,21.824169,34000
2015-08-05,23.100000,23.240000,23.000000,23.200001,22.623808,80500
2015-08-06,22.860001,23.059999,22.830000,22.860001,22.292250,234000
2015-08-07,23.240000,23.340000,23.150000,23.299999,22.721323,84400
2015-08-10,24.600000,24.770000,24.600000,24.750000,24.135309,73500
2015-08-11,24.320000,24.650000,24.320000,24.459999,23.852510,47500
2015-08-12,24.280001,24.379999,23.980000,24.320000,23.715988,68600
2015-08-13,24.299999,24.320000,24.250000,24.320000,23.715988,18300
2015-08-14,24.070000,24.280001,24.070000,24.240000,23.637978,19200
2015-08-17,24.590000,24.780001,24.480000,24.750000,24.135309,150500
2015-08-18,24.540001,24.830000,24.540001,24.799999,24.184067,50300
2015-08-19,24.790001,24.930000,24.790001,24.910000,24.291336,54400
2015-08-20,24.910000,24.959999,24.690001,24.700001,24.086552,97200
2015-08-21,24.049999,24.240000,23.430000,23.459999,22.877346,279100
2015-08-24,21.799999,22.430000,21.610001,22.299999,21.746157,170500
2015-08-25,24.059999,24.430000,23.379999,23.490000,22.906603,73500
2015-08-26,24.950001,25.200001,24.629999,25.190001,24.564383,85700
2015-08-27,24.809999,24.809999,24.520000,24.780001,24.164564,203600
2015-08-28,25.000000,25.000000,24.799999,24.850000,24.232826,32600
2015-08-31,25.290001,25.709999,25.290001,25.620001,24.983702,153500
2015-09-01,24.100000,24.620001,24.100000,24.280001,23.676983,62600
2015-09-02,24.670000,24.950001,24.670000,24.830000,24.213324,28400
2015-09-03,24.549999,24.719999,24.510000,24.580000,23.969530,27800
2015-09-04,23.950001,24.090000,23.580000,23.959999,23.364931,36900
2015-09-08,23.690001,24.000000,23.690001,23.950001,23.355179,24000
2015-09-09,24.350000,24.350000,23.860001,23.860001,23.267416,73400
2015-09-10,24.240000,24.240000,24.049999,24.190001,23.589218,94100
2015-09-11,23.799999,23.870001,23.650000,23.840000,23.247910,38200
2015-09-14,23.780001,24.030001,23.530001,23.730000,23.140642,31700
2015-09-15,23.730000,23.750000,23.500000,23.740000,23.150393,28900
2015-09-16,22.650000,22.700001,22.430000,22.690001,22.126471,69700
2015-09-17,21.730000,22.260000,21.730000,21.900000,21.356092,170300
2015-09-18,21.750000,21.750000,21.530001,21.530001,20.995281,30700
2015-09-21,21.549999,21.750000,21.549999,21.750000,21.209816,34200
2015-09-22,21.430000,21.510000,21.299999,21.410000,20.878262,42200
2015-09-23,21.420000,21.610001,21.299999,21.420000,20.888014,30000
2015-09-24,20.969999,21.049999,20.629999,20.990000,20.468691,106400
2015-09-25,21.420000,21.459999,21.100000,21.299999,20.801163,143200
2015-09-28,20.820000,20.820000,20.629999,20.650000,20.166386,106700
2015-09-29,20.360001,20.549999,20.209999,20.340000,19.863646,96700
2015-09-30,20.860001,20.980000,20.719999,20.969999,20.478891,16400
2015-10-01,21.520000,21.530001,21.299999,21.530001,21.025776,28200
2015-10-02,21.600000,21.889999,21.549999,21.889999,21.377344,14200
2015-10-05,22.200001,22.540001,22.200001,22.490000,21.963295,58600
2015-10-06,22.299999,22.320000,22.010000,22.219999,21.699615,98200
2015-10-07,21.900000,21.980000,21.860001,21.950001,21.435940,41800
2015-10-08,21.500000,21.900000,21.500000,21.790001,21.279688,42700
2015-10-09,22.030001,22.250000,21.959999,22.090000,21.572662,19100
2015-10-12,22.170000,22.200001,22.040001,22.129999,21.611723,18400
2015-10-13,22.850000,23.100000,22.600000,22.799999,22.266033,48800
2015-10-14,22.309999,22.450001,22.219999,22.350000,21.826572,37000
2015-10-15,23.010000,23.209999,23.010000,23.209999,22.666431,124900
2015-10-16,23.840000,23.900000,23.799999,23.889999,23.330505,83400
2015-10-19,24.090000,24.360001,24.090000,24.360001,23.789499,66900
2015-10-20,24.360001,24.379999,24.110001,24.219999,23.652779,44700
2015-10-21,24.260000,24.360001,24.260000,24.290001,23.721140,15900
2015-10-22,24.250000,24.350000,24.160000,24.340000,23.769968,47200
2015-10-23,24.700001,24.700001,24.459999,24.620001,24.043409,88400
2015-10-26,24.750000,24.879999,24.730000,24.860001,24.277788,28700
2015-10-27,24.270000,24.270000,24.080000,24.080000,23.516056,24200
2015-10-28,23.820000,24.719999,23.459999,24.360001,23.789499,841800
2015-10-29,21.650000,21.910000,21.389999,21.510000,21.006245,386700
2015-10-30,20.320000,20.650000,20.049999,20.219999,19.746454,1025800
2015-11-02,20.020000,20.459999,20.020000,20.430000,19.951538,71000
2015-11-03,20.430000,20.430000,20.260000,20.360001,19.883179,126800
2015-11-04,20.590000,20.590000,20.299999,20.360001,19.883179,26900
2015-11-05,20.850000,20.850000,20.410000,20.510000,20.029665,38300
2015-11-06,20.540001,20.549999,20.430000,20.490000,20.010132,21800
2015-11-09,20.910000,21.030001,20.830000,20.900000,20.410530,71700
2015-11-10,20.420000,20.820000,20.420000,20.680000,20.195683,34800
2015-11-11,20.740000,20.860001,20.740000,20.790001,20.303108,28900
2015-11-12,20.270000,20.400000,20.209999,20.209999,19.736689,52200
2015-11-13,20.660000,20.660000,20.350000,20.360001,19.883179,60400
2015-11-16,19.990000,19.990000,19.809999,19.940001,19.473015,54300
2015-11-17,19.480000,19.620001,19.480000,19.580000,19.121445,30100
2015-11-18,19.500000,19.680000,19.500000,19.670000,19.209337,59600
2015-11-19,19.600000,19.600000,19.530001,19.530001,19.072617,24300
2015-11-20,19.660000,19.680000,19.639999,19.680000,19.219103,32000
2015-11-23,19.629999,19.730000,19.549999,19.580000,19.121445,56100
2015-11-24,19.700001,19.700001,19.530001,19.670000,19.209337,32300
2015-11-25,19.610001,19.860001,19.610001,19.860001,19.394888,21100
2015-11-27,19.770000,19.809999,19.440001,19.540001,19.082382,8400
2015-11-30,19.049999,19.350000,19.049999,19.129999,18.681982,39500
2015-12-01,19.420000,19.549999,19.410000,19.450001,18.994490,40600
2015-12-02,19.670000,19.670000,19.420000,19.440001,18.984724,19000
2015-12-03,19.430000,19.559999,19.260000,19.270000,18.818705,24800
2015-12-04,19.120001,19.350000,19.120001,19.340000,18.887066,14900
2015-12-07,19.170000,19.230000,19.059999,19.160000,18.711281,33500
2015-12-08,18.530001,18.549999,18.400000,18.490000,18.056971,106300
2015-12-09,18.840000,19.000000,18.780001,18.799999,18.359711,74400
2015-12-10,18.700001,18.740000,18.660000,18.670000,18.232756,37000
2015-12-11,18.400000,18.410000,18.090000,18.110001,17.685873,66500
2015-12-14,18.170000,18.180000,18.020000,18.100000,17.676107,46500
2015-12-15,17.559999,17.680000,17.500000,17.559999,17.148752,74900
2015-12-16,17.540001,17.730000,17.530001,17.730000,17.314770,91700
2015-12-17,17.520000,17.639999,17.360001,17.360001,16.953436,45500
2015-12-18,17.200001,17.200001,17.049999,17.070000,16.670227,126400
2015-12-21,17.129999,17.129999,16.850000,16.910000,16.513975,135000
2015-12-22,16.799999,16.799999,16.660000,16.719999,16.328423,47300
2015-12-23,16.730000,16.860001,16.730000,16.860001,16.465147,42300
2015-12-24,16.799999,16.799999,16.610001,16.629999,16.240532,35900
2015-12-28,16.980000,17.070000,16.940001,16.990000,16.592102,108500
2015-12-29,17.559999,17.660000,17.559999,17.660000,17.246410,110900
2015-12-30,17.410000,17.410000,17.270000,17.270000,16.865545,52800
2015-12-31,17.270000,17.320000,17.230000,17.260000,16.855780,19000
2016-01-04,17.240000,17.250000,17.070000,17.250000,16.846012,68700
2016-01-05,17.110001,17.110001,16.549999,16.559999,16.172173,248800
2016-01-06,15.850000,15.870000,15.610000,15.740000,15.371376,74500
2016-01-07,15.810000,16.120001,15.810000,15.980000,15.605755,71600
2016-01-08,16.129999,16.280001,16.010000,16.049999,15.674114,24100
2016-01-11,16.070000,16.070000,15.930000,16.020000,15.644818,47900
2016-01-12,15.730000,15.730000,15.340000,15.490000,15.127230,64400
2016-01-13,16.290001,16.290001,15.880000,15.970000,15.595990,34600
2016-01-14,15.780000,15.870000,15.630000,15.860000,15.488565,21000
2016-01-15,15.570000,15.620000,15.410000,15.530000,15.166294,50900
2016-01-19,17.100000,17.209999,16.860001,17.020000,16.621399,686700
2016-01-20,15.920000,15.980000,15.610000,15.810000,15.439736,130200
2016-01-21,15.890000,16.100000,15.760000,16.059999,15.683882,160300
2016-01-22,17.030001,17.040001,16.760000,17.040001,16.640932,164700
2016-01-25,16.910000,16.910000,16.500000,16.580000,16.191704,87100
2016-01-26,16.889999,17.040001,16.850000,16.990000,16.592102,76300
2016-01-27,16.510000,16.740000,16.469999,16.559999,16.172173,95100
2016-01-28,16.650000,16.650000,16.389999,16.469999,16.084278,58100
2016-01-29,17.350000,17.580000,17.150000,17.570000,17.158518,143900
2016-02-01,17.750000,17.809999,17.610001,17.799999,17.383131,121200
2016-02-02,17.840000,18.799999,17.770000,18.320000,17.890953,264100
2016-02-03,17.750000,17.840000,17.440001,17.650000,17.236645,155200
2016-02-04,18.000000,18.219999,17.959999,18.110001,17.685873,147700
2016-02-05,18.150000,18.150000,17.850000,17.860001,17.441727,54100
2016-02-08,18.430000,18.430000,17.830000,18.090000,17.666340,127800
2016-02-09,17.049999,17.200001,17.000000,17.200001,16.797184,72100
2016-02-10,17.020000,17.020000,16.740000,16.740000,16.347956,253800
2016-02-11,16.559999,16.629999,16.340000,16.600000,16.211235,157000
2016-02-12,16.120001,16.490000,16.059999,16.490000,16.103811,106700
2016-02-16,17.330000,17.400000,17.200001,17.270000,16.865545,41800
2016-02-17,17.299999,17.379999,17.270000,17.350000,16.943670,61900
2016-02-18,18.049999,18.360001,17.850000,17.860001,17.441727,52400
2016-02-19,17.770000,17.770000,17.549999,17.690001,17.275709,182600
2016-02-22,18.100000,18.389999,18.100000,18.389999,17.959314,306300
2016-02-23,18.260000,18.260000,18.000000,18.040001,17.617512,88800
2016-02-24,17.850000,18.010000,17.600000,18.010000,17.588213,47400
2016-02-25,18.030001,18.049999,17.830000,18.049999,17.627275,62500
2016-02-26,16.750000,16.799999,16.379999,16.680000,16.289362,155700
2016-02-29,16.879999,17.500000,16.879999,17.389999,16.982733,16400
2016-03-01,17.200001,17.320000,17.150000,17.299999,16.894840,28800
2016-03-02,17.320000,17.520000,17.320000,17.520000,17.109690,21800
2016-03-03,17.900000,18.070000,17.900000,18.070000,17.646807,29500
2016-03-04,18.400000,18.400000,18.180000,18.200001,17.773764,16500
2016-03-07,17.370001,17.379999,17.059999,17.280001,16.875311,30000
2016-03-08,17.520000,17.530001,17.370001,17.389999,16.982733,14600
2016-03-09,17.450001,17.530001,17.370001,17.530001,17.119455,11000
2016-03-10,17.670000,17.830000,17.420000,17.570000,17.158518,12600
2016-03-11,17.889999,17.889999,17.770000,17.870001,17.451494,14200
2016-03-14,17.639999,17.639999,17.389999,17.490000,17.080391,7100
2016-03-15,17.480000,17.480000,17.340000,17.400000,16.992498,5800
2016-03-16,17.440001,17.559999,17.379999,17.490000,17.080391,27700
2016-03-17,17.000000,17.600000,17.000000,17.469999,17.060860,291600
2016-03-18,17.309999,17.450001,17.129999,17.420000,17.012030,281400
2016-03-21,17.299999,17.440001,17.299999,17.340000,16.933905,247600
2016-03-22,18.120001,18.620001,18.120001,18.350000,17.920252,120000
2016-03-23,18.260000,18.260000,18.070000,18.120001,17.695639,35200
2016-03-24,18.180000,18.650000,18.180000,18.650000,18.213224,22700
2016-03-28,18.639999,18.900000,18.549999,18.660000,18.366459,27000
2016-03-29,18.559999,18.900000,18.309999,18.889999,18.592840,83400
2016-03-30,18.290001,18.340000,18.070000,18.160000,17.874325,172000
2016-03-31,18.000000,18.000000,17.750000,17.750000,17.470774,35500
2016-04-01,17.360001,17.500000,17.170000,17.320000,17.047539,149400
2016-04-04,17.290001,17.379999,17.170000,17.190001,16.919584,133600
2016-04-05,16.850000,16.969999,16.730000,16.930000,16.663673,310600
2016-04-06,17.129999,17.150000,16.900000,17.139999,16.870369,40600
2016-04-07,17.600000,17.700001,17.469999,17.540001,17.264078,21200
2016-04-08,17.980000,18.530001,17.670000,18.120001,17.834955,45600
2016-04-11,18.430000,18.430000,18.150000,18.290001,18.002281,30900
2016-04-12,18.629999,18.900000,18.629999,18.900000,18.602682,41200
2016-04-13,18.700001,18.889999,18.639999,18.740000,18.445200,93300
2016-04-14,19.000000,19.100000,19.000000,19.059999,18.760166,33200
2016-04-15,19.090000,19.129999,18.940001,19.059999,18.760166,13900
2016-04-18,19.040001,19.250000,18.990000,19.219999,18.917648,24900
2016-04-19,19.480000,19.620001,19.480000,19.590000,19.281830,14300
2016-04-20,19.680000,19.969999,19.680000,19.910000,19.596794,58800
2016-04-21,19.840000,19.840000,19.580000,19.690001,19.380257,44200
2016-04-22,19.459999,19.459999,19.340000,19.400000,19.094818,41400
2016-04-25,19.160000,19.160000,18.850000,18.889999,18.592840,47600
2016-04-26,18.700001,18.879999,18.620001,18.719999,18.425514,27200
2016-04-27,18.170000,18.290001,17.830000,18.000000,17.716841,163400
2016-04-28,17.360001,17.360001,17.070000,17.100000,16.830999,100600
2016-04-29,17.190001,17.190001,16.940001,17.059999,16.791628,41700
2016-05-02,17.180000,17.490000,17.180000,17.469999,17.195179,117000
2016-05-03,17.200001,17.510000,17.200001,17.450001,17.175493,439500
2016-05-04,17.400000,17.450001,17.180000,17.299999,17.027853,113600
2016-05-05,17.299999,17.389999,17.299999,17.350000,17.077066,57800
2016-05-06,17.299999,17.500000,17.200001,17.500000,17.224707,94900
2016-05-09,17.440001,17.700001,17.440001,17.610001,17.332977,25600
2016-05-10,17.500000,17.600000,17.450001,17.580000,17.303448,31900
2016-05-11,17.320000,17.500000,17.320000,17.410000,17.136122,29800
2016-05-12,17.540001,17.799999,17.510000,17.799999,17.519987,18500
2016-05-13,17.730000,17.730000,17.510000,17.690001,17.411718,9400
2016-05-16,17.920000,18.059999,17.760000,18.040001,17.756212,46100
2016-05-17,18.280001,18.320000,18.110001,18.170000,17.884167,17300
2016-05-18,18.129999,18.430000,18.129999,18.350000,18.061337,20000
2016-05-19,18.610001,18.610001,18.350000,18.420000,18.130234,15500
2016-05-20,18.490000,18.500000,18.379999,18.500000,18.208977,13400
2016-05-23,18.440001,18.440001,18.230000,18.320000,18.031807,28200
2016-05-24,17.900000,18.160000,17.900000,18.160000,17.874325,33400
2016-05-25,18.180000,18.350000,18.160000,18.320000,18.031807,11900
2016-05-26,18.299999,18.299999,18.040001,18.170000,17.884167,6000
2016-05-27,17.809999,18.250000,17.809999,18.000000,17.716841,15700
2016-05-31,18.240000,18.450001,18.240000,18.340000,18.051493,89800
2016-06-01,18.190001,18.250000,18.020000,18.219999,17.933380,40600
2016-06-02,17.950001,18.090000,17.950001,18.059999,17.775896,25900
2016-06-03,18.100000,18.170000,18.010000,18.139999,17.854639,36900
2016-06-06,18.420000,18.500000,18.200001,18.459999,18.169603,87800
2016-06-07,18.730000,19.000000,18.730000,18.860001,18.563313,17700
2016-06-08,19.059999,19.360001,18.860001,19.350000,19.045605,104900
2016-06-09,18.760000,19.000000,18.760000,18.950001,18.651897,93100
2016-06-10,18.700001,18.709999,18.440001,18.500000,18.208977,32100
2016-06-13,18.100000,18.100000,18.000000,18.010000,17.726685,27400
2016-06-14,17.990000,17.990000,17.799999,17.820000,17.539673,20700
2016-06-15,17.799999,17.950001,17.750000,17.780001,17.500303,101300
2016-06-16,17.639999,17.670000,17.430000,17.670000,17.392033,68000
2016-06-17,17.500000,17.660000,17.500000,17.610001,17.332977,63200
2016-06-20,17.719999,18.000000,17.719999,17.950001,17.667629,24000
2016-06-21,17.879999,18.100000,17.879999,17.990000,17.706999,17200
2016-06-22,17.840000,17.840000,17.700001,17.700001,17.421562,50800
2016-06-23,17.850000,17.879999,17.750000,17.830000,17.549515,24900
2016-06-24,17.230000,17.320000,17.000000,17.260000,16.988483,51200
2016-06-27,16.950001,17.070000,16.770000,16.809999,16.545561,65500
2016-06-28,17.160000,17.160000,16.920000,17.129999,16.860527,29700
2016-06-29,17.809999,17.809999,17.719999,17.780001,17.500303,83002
016-06-30,17.790001,17.799999,17.559999,17.780001,17.500303,31500
2016-07-01,17.700001,17.830000,17.700001,17.750000,17.470774,18800
2016-07-05,17.450001,17.690001,17.450001,17.500000,17.224707,26300
2016-07-06,17.709999,17.709999,17.450001,17.629999,17.352661,97400
2016-07-07,18.639999,18.809999,18.350000,18.809999,18.514099,934700
2016-07-08,20.580000,20.850000,20.469999,20.730000,20.403894,795300
2016-07-11,29.000000,30.250000,26.750000,27.700001,27.264252,9773700
2016-07-12,28.430000,28.700001,27.580000,27.590000,27.155981,7089600
2016-07-13,26.580000,27.049999,26.250000,26.530001,26.112656,2604500
2016-07-14,30.709999,30.709999,29.870001,30.549999,30.069416,6236300
2016-07-15,32.689999,33.400002,32.500000,33.380001,32.854900,7342300
2016-07-18,35.700001,38.250000,35.599998,37.369999,36.782131,13401800
2016-07-19,37.990002,38.090000,33.049999,35.849998,35.286041,11646800
2016-07-20,33.889999,33.900002,32.250000,33.820000,33.287975,6887800
2016-07-21,32.400002,33.150002,32.220001,32.419998,31.909998,2786800
2016-07-22,29.950001,30.000000,27.750000,29.000000,28.543800,8183800
2016-07-25,26.049999,27.389999,25.200001,25.650000,25.246498,9054800
2016-07-26,27.260000,27.540001,26.879999,27.540001,27.106768,3352200
2016-07-27,24.750000,26.379999,24.650000,26.240000,25.827217,3568100
2016-07-28,25.240000,25.389999,24.920000,25.010000,24.616568,2399700
2016-07-29,25.719999,26.110001,25.559999,25.780001,25.374454,1567800
2016-08-01,25.360001,25.500000,25.040001,25.500000,25.098858,1593100
2016-08-02,25.559999,25.670000,25.200001,25.520000,25.118544,507500
2016-08-03,25.930000,26.379999,25.780001,26.379999,25.965014,552500
2016-08-04,26.129999,26.400000,26.010000,26.350000,25.935488,572300
2016-08-05,25.690001,25.820000,25.500000,25.820000,25.413824,447900
2016-08-08,25.980000,26.100000,25.860001,26.030001,25.620522,384800
2016-08-09,27.830000,27.990000,27.610001,27.920000,27.480789,914500
2016-08-10,28.100000,28.389999,28.000000,28.270000,27.825285,799900
2016-08-11,28.280001,28.420000,28.209999,28.330000,27.884340,394600
2016-08-12,27.100000,27.500000,26.500000,27.430000,26.998499,486400
2016-08-15,27.260000,27.340000,27.160000,27.180000,26.752430,473500
2016-08-16,27.100000,27.100000,26.820000,27.000000,26.575262,541800
2016-08-17,28.020000,28.080000,27.820000,28.010000,27.569374,276700
2016-08-18,28.490000,28.670000,28.320000,28.580000,28.130407,397800
2016-08-19,27.500000,27.840000,27.299999,27.830000,27.392204,285200
2016-08-22,28.110001,28.400000,28.110001,28.290001,27.844971,364600
2016-08-23,28.309999,28.309999,28.000000,28.010000,27.569374,383600
2016-08-24,27.879999,27.879999,27.450001,27.540001,27.106768,375100
2016-08-25,27.500000,27.540001,27.400000,27.459999,27.028025,180700
2016-08-26,26.950001,27.290001,26.780001,26.900000,26.476835,341900
2016-08-29,27.059999,27.360001,27.059999,27.330000,26.900070,251000
2016-08-30,27.040001,27.170000,27.000000,27.020000,26.594948,256500
2016-08-31,27.200001,27.370001,27.160000,27.280001,26.850859,204200
2016-09-01,28.059999,28.120001,27.850000,28.010000,27.569374,461000
2016-09-02,28.730000,28.900000,28.520000,28.840000,28.386316,609900
2016-09-06,28.190001,28.350000,27.900000,28.200001,27.756386,956100
2016-09-07,30.209999,36.549999,30.000000,36.320000,35.748650,7909400
2016-09-08,34.130001,34.270000,33.099998,33.880001,33.347034,3235900
2016-09-09,33.340000,33.540001,32.799999,32.900002,32.382450,873800
2016-09-12,32.639999,33.160000,32.490002,33.150002,32.628517,522100
2016-09-13,31.250000,31.930000,31.090000,31.350000,30.856833,987800
2016-09-14,31.219999,31.690001,31.160000,31.600000,31.102900,498700
2016-09-15,32.689999,33.250000,32.520000,33.110001,32.589146,394100
2016-09-16,32.970001,33.200001,32.630001,32.700001,32.185596,163900
2016-09-19,32.990002,33.049999,32.770000,32.869999,32.352921,194600
2016-09-20,33.349998,33.580002,33.320000,33.480000,32.953323,477300
2016-09-21,33.099998,33.419998,33.099998,33.400002,32.874584,328800
2016-09-22,33.599998,33.880001,33.470001,33.740002,33.209236,638400
2016-09-23,33.529999,33.570000,33.430000,33.500000,32.973011,195000
2016-09-26,32.770000,33.020000,32.630001,32.980000,32.461189,246600
2016-09-27,33.029999,33.500000,33.029999,33.410000,32.884426,288500
2016-09-28,33.389999,33.740002,33.310001,33.740002,33.209236,272300
2016-09-29,33.400002,33.770000,33.060001,33.209999,32.687572,180700
2016-09-30,32.990002,33.099998,32.889999,32.980000,32.461189,550800
2016-10-03,32.730000,32.730000,32.430000,32.490002,31.978901,176500
2016-10-04,31.889999,32.330002,31.820000,31.889999,31.388336,232400
2016-10-05,32.209999,32.580002,32.209999,32.540001,32.028114,107100
2016-10-06,31.850000,31.990000,31.629999,31.799999,31.299753,119400
2016-10-07,32.330002,32.619999,31.920000,32.180000,31.673775,115900
2016-10-10,32.590000,32.590000,32.160000,32.419998,31.909998,170100
2016-10-11,31.700001,31.700001,31.410000,31.670000,31.171799,328800
2016-10-12,31.150000,31.379999,31.100000,31.209999,30.719034,201500
2016-10-13,31.170000,31.379999,31.150000,31.219999,30.728876,400900
2016-10-14,32.000000,32.230000,31.719999,32.020000,31.516293,504600
2016-10-17,31.219999,31.230000,31.000000,31.230000,30.738720,212700
2016-10-18,31.500000,31.690001,31.280001,31.629999,31.132427,217800
2016-10-19,31.520000,31.600000,31.430000,31.590000,31.093058,234600
2016-10-20,32.439999,32.830002,32.090000,32.369999,31.860785,1193800
2016-10-21,30.360001,30.700001,30.330000,30.469999,29.990675,660700
2016-10-24,28.809999,29.120001,28.730000,29.090000,28.632383,749100
2016-10-25,29.459999,29.680000,29.209999,29.580000,29.114676,202800
2016-10-26,28.900000,28.900000,27.900000,28.030001,27.589060,739600
2016-10-27,29.469999,29.760000,29.469999,29.650000,29.183575,436200
2016-10-28,30.240000,30.420000,30.070000,30.170000,29.695395,426200
2016-10-31,30.180000,30.250000,30.070000,30.090000,29.616653,245300
2016-11-01,30.049999,30.299999,29.930000,30.100000,29.626495,215200
2016-11-02,30.170000,30.670000,30.170000,30.250000,29.774136,116100
2016-11-03,30.440001,30.440001,30.309999,30.330000,29.852877,159800
2016-11-04,29.480000,29.750000,29.400000,29.430000,28.967035,187600
2016-11-07,29.469999,29.549999,29.379999,29.500000,29.035934,163800
2016-11-08,29.200001,29.340000,29.100000,29.230000,28.770182,179600
2016-11-09,28.160000,28.920000,28.139999,28.790001,28.337105,763800
2016-11-10,28.750000,28.990000,28.600000,28.740000,28.287889,1171100
2016-11-11,28.510000,28.610001,28.170000,28.459999,28.012293,286200
2016-11-14,28.580000,28.750000,28.299999,28.420000,27.972923,702600
2016-11-15,28.540001,28.799999,28.400000,28.780001,28.327261,235000
2016-11-16,28.910000,29.209999,28.910000,29.150000,28.691441,669200
2016-11-17,29.940001,30.150000,29.719999,30.139999,29.665867,328100
2016-11-18,30.250000,30.530001,30.200001,30.490000,30.010361,261500
2016-11-21,31.000000,31.299999,31.000000,31.280001,30.787933,260700
2016-11-22,31.230000,31.980000,31.230000,31.900000,31.398180,231600
2016-11-23,31.540001,32.590000,31.400000,32.000000,31.496607,339900
2016-11-25,31.030001,31.770000,30.750000,30.990000,30.502495,389400
2016-11-28,31.230000,31.450001,31.049999,31.180000,30.689507,220900
2016-11-29,31.010000,31.250000,31.000000,31.219999,30.728876,376700
2016-11-30,30.840000,31.200001,30.520000,30.830000,30.345013,495200
2016-12-01,30.389999,30.600000,30.230000,30.290001,29.813507,439600
2016-12-02,29.690001,29.870001,29.520000,29.610001,29.144205,163300
2016-12-05,30.150000,30.150000,29.650000,29.930000,29.459171,153700
2016-12-06,30.209999,30.740000,30.209999,30.650000,30.167843,110100
2016-12-07,30.530001,31.000000,30.530001,30.990000,30.502495,193100
2016-12-08,30.920000,31.410000,30.900000,31.340000,30.846989,890300
2016-12-09,32.049999,32.180000,31.559999,32.099998,31.595032,590100
2016-12-12,31.969999,32.130001,31.830000,32.090000,31.585192,593400
2016-12-13,31.150000,31.799999,30.750000,31.219999,30.728876,711000
2016-12-14,30.549999,30.709999,30.280001,30.350000,29.872564,1026100
2016-12-15,29.559999,29.590000,29.350000,29.360001,28.898138,926000
2016-12-16,28.150000,28.170000,26.719999,27.110001,26.683533,2559700
2016-12-19,26.250000,26.389999,25.850000,26.040001,25.630365,859900
2016-12-20,26.270000,26.690001,26.100000,26.410000,25.994543,776000
2016-12-21,26.150000,26.299999,25.360001,25.730000,25.325239,736200
2016-12-22,24.940001,25.070000,24.440001,24.610001,24.222860,872000
2016-12-23,24.959999,25.150000,24.650000,25.040001,24.646095,286300
2016-12-27,25.850000,26.200001,25.840000,26.080000,25.669735,276400
2016-12-28,26.000000,26.090000,25.730000,25.760000,25.354769,180700
2016-12-29,25.940001,26.100000,25.770000,25.940001,25.531937,161200
2016-12-30,26.000000,26.250000,25.900000,25.950001,25.541780,211300
2017-01-03,25.980000,26.219999,25.950001,26.190001,25.778006,213800
2017-01-04,26.080000,26.160000,25.930000,26.160000,25.748476,236300
2017-01-05,26.180000,26.180000,25.770000,25.840000,25.433510,147100
2017-01-06,25.799999,26.000000,25.719999,26.000000,25.590994,369800
2017-01-09,26.000000,26.080000,25.889999,26.080000,25.669735,323300
2017-01-10,26.469999,27.280001,26.350000,27.000000,26.575262,783800
2017-01-11,27.260000,27.480000,27.049999,27.469999,27.037868,467900
2017-01-12,27.850000,27.889999,27.340000,27.600000,27.165823,408400
2017-01-13,25.900000,26.170000,25.670000,25.850000,25.443354,1615700
2017-01-17,25.959999,26.150000,25.840000,26.120001,25.709106,226600
2017-01-18,25.990000,25.990000,25.690001,25.719999,25.315397,159400
2017-01-19,25.850000,26.190001,25.690001,26.129999,25.718946,522500
2017-01-20,25.840000,25.980000,25.700001,25.760000,25.354769,145800
2017-01-23,25.850000,26.040001,25.799999,25.969999,25.561464,141100
2017-01-24,26.010000,26.139999,25.650000,25.959999,25.551620,483300
2017-01-25,25.969999,26.250000,25.950001,26.250000,25.837061,219900
2017-01-26,26.250000,26.250000,25.780001,25.809999,25.403982,131800
2017-01-27,25.629999,25.840000,25.379999,25.389999,24.990589,169300
2017-01-30,25.410000,25.639999,25.330000,25.410000,25.010275,720600
2017-01-31,25.299999,25.549999,24.120001,24.730000,24.340971,754400
2017-02-01,24.790001,25.010000,24.780001,25.000000,24.606724,178400
2017-02-02,25.030001,25.160000,24.889999,25.090000,24.695309,114900
2017-02-03,26.410000,26.760000,26.250000,26.700001,26.279982,304400
2017-02-06,26.469999,26.650000,26.290001,26.410000,25.994543,106800
2017-02-07,25.879999,26.000000,25.799999,25.870001,25.463039,112100
2017-02-08,25.830000,25.950001,25.799999,25.870001,25.463039,113100
2017-02-09,25.799999,26.090000,25.670000,26.040001,25.630365,93300
2017-02-10,26.049999,26.100000,26.000000,26.030001,25.620522,76600
2017-02-13,26.030001,26.170000,25.790001,25.809999,25.403982,666700
2017-02-14,25.670000,25.799999,25.180000,25.520000,25.118544,528800
2017-02-15,24.750000,24.910000,24.680000,24.770000,24.380342,380700
2017-02-16,25.070000,25.379999,25.030001,25.370001,24.970905,207000
2017-02-17,25.900000,25.900000,25.500000,25.670000,25.266184,179300
2017-02-21,25.680000,25.700001,25.320000,25.570000,25.167757,148600
2017-02-22,25.580000,25.730000,25.450001,25.680000,25.276028,141800
2017-02-23,25.750000,25.790001,25.570000,25.590000,25.187443,135900
2017-02-24,25.940001,26.200001,25.930000,26.190001,25.778006,168300
2017-02-27,26.090000,26.430000,26.090000,26.350000,25.935488,177400
2017-02-28,26.250000,26.350000,26.059999,26.110001,25.699263,142700
2017-03-01,26.000000,26.010000,25.610001,25.820000,25.413824,233100
2017-03-02,25.090000,25.250000,25.000000,25.070000,24.675623,378400
2017-03-03,25.950001,26.090000,25.900000,26.040001,25.630365,337500
2017-03-06,26.590000,26.740000,26.480000,26.740000,26.319351,306100
2017-03-07,26.930000,28.170000,26.799999,27.660000,27.224880,803800
2017-03-08,27.350000,27.360001,27.049999,27.260000,26.831173,423100
2017-03-09,26.830000,27.020000,26.790001,26.860001,26.437466,385300
2017-03-10,27.000000,27.000000,26.770000,26.850000,26.427622,236400
2017-03-13,27.379999,27.379999,27.100000,27.160000,26.732744,129300
2017-03-14,26.959999,27.100000,26.870001,27.000000,26.575262,128700
2017-03-15,27.020000,27.400000,27.020000,27.400000,26.968969,379500
2017-03-16,27.639999,27.809999,27.639999,27.740000,27.303621,298900
2017-03-17,28.350000,29.580000,28.299999,29.049999,28.593012,1221500
2017-03-20,29.059999,29.549999,28.990000,29.410000,28.947350,630700
2017-03-21,29.240000,29.299999,29.040001,29.040001,28.583172,709600
2017-03-22,30.440001,30.959999,30.430000,30.959999,30.472967,809200
2017-03-23,30.370001,30.650000,30.080000,30.500000,30.020203,586800
2017-03-24,30.270000,30.760000,30.070000,30.219999,29.744608,406300
2017-03-27,30.340000,30.500000,30.170000,30.459999,29.980831,197500
2017-03-28,30.230000,30.240000,29.520000,29.760000,29.760000,248000
2017-03-29,29.750000,30.000000,29.730000,29.870001,29.870001,125600
2017-03-30,29.420000,29.420000,29.000000,29.150000,29.150000,174800
2017-03-31,29.200001,29.270000,28.920000,29.020000,29.020000,184400
2017-04-03,30.090000,30.100000,29.820000,29.959999,29.959999,174000
2017-04-04,29.320000,29.760000,29.219999,29.299999,29.299999,226100
2017-04-05,29.320000,29.490000,29.280001,29.299999,29.299999,131700
2017-04-06,29.809999,29.879999,29.650000,29.790001,29.790001,165800
2017-04-07,29.059999,29.309999,28.930000,29.160000,29.160000,338800
2017-04-10,28.940001,29.030001,28.930000,29.020000,29.020000,153900
2017-04-11,29.040001,29.120001,28.959999,29.100000,29.100000,96300
2017-04-12,29.059999,29.250000,29.059999,29.139999,29.139999,76200
2017-04-13,28.900000,29.150000,28.879999,28.990000,28.990000,217900
2017-04-17,30.520000,30.600000,30.320000,30.459999,30.459999,424200
2017-04-18,30.530001,30.650000,30.530001,30.590000,30.590000,143300
2017-04-19,31.110001,31.360001,31.100000,31.350000,31.350000,579600
2017-04-20,30.750000,31.059999,30.740000,30.910000,30.910000,831800
2017-04-21,30.870001,30.969999,30.870001,30.920000,30.920000,235300
2017-04-24,31.320000,31.370001,31.070000,31.100000,31.100000,289000
2017-04-25,31.620001,31.650000,31.469999,31.650000,31.650000,743600
2017-04-26,31.049999,31.150000,30.740000,31.049999,31.049999,270600
2017-04-27,30.200001,30.280001,29.770000,30.000000,30.000000,821000
2017-04-28,31.430000,31.690001,31.250000,31.680000,31.680000,797000
2017-05-01,31.690001,31.700001,31.610001,31.650000,31.650000,197600
2017-05-02,31.590000,31.639999,31.500000,31.559999,31.559999,333500
2017-05-03,31.549999,31.600000,31.500000,31.590000,31.590000,186500
2017-05-04,31.559999,31.680000,31.549999,31.670000,31.670000,198400
2017-05-05,31.670000,32.240002,31.650000,32.240002,32.240002,723400
2017-05-08,31.950001,32.060001,31.910000,32.049999,32.049999,280300
2017-05-09,31.650000,31.820000,31.520000,31.740000,31.740000,449800
2017-05-10,32.389999,32.450001,32.220001,32.419998,32.419998,514200
2017-05-11,32.369999,32.419998,32.240002,32.389999,32.389999,293400
2017-05-12,32.439999,32.509998,32.320000,32.380001,32.380001,148000
2017-05-15,32.830002,32.900002,32.689999,32.810001,32.810001,239600
2017-05-16,33.029999,33.139999,32.900002,33.029999,33.029999,410600
2017-05-17,33.820000,33.900002,33.209999,33.439999,33.439999,893800
2017-05-18,34.000000,34.070000,33.740002,34.040001,34.040001,705700
2017-05-19,34.080002,34.189999,33.900002,34.150002,34.150002,255300
2017-05-22,34.230000,34.360001,34.090000,34.290001,34.290001,225800
2017-05-23,34.450001,34.849998,34.389999,34.790001,34.790001,382400
2017-05-24,35.330002,35.650002,35.330002,35.549999,35.549999,286200
2017-05-25,35.740002,36.080002,35.619999,35.950001,35.950001,364500
2017-05-26,37.599998,37.610001,37.299999,37.549999,37.549999,584000
2017-05-30,37.799999,38.389999,37.799999,38.180000,38.180000,611600
2017-05-31,38.049999,38.090000,37.750000,37.830002,37.830002,315700
2017-06-01,37.330002,37.400002,36.919998,37.070000,37.070000,1127400
2017-06-02,37.459999,37.840000,37.459999,37.840000,37.840000,360600
2017-06-05,38.799999,39.099998,38.750000,39.090000,39.090000,570900
2017-06-06,39.480000,40.360001,39.230000,40.209999,40.209999,1789500
2017-06-07,39.130001,39.220001,38.900002,38.910000,38.910000,865600
2017-06-08,38.900002,39.099998,38.570000,39.099998,39.099998,657800
2017-06-09,39.380001,39.740002,37.959999,38.430000,38.430000,1450700
2017-06-12,38.430000,38.630001,38.040001,38.630001,38.630001,493600
2017-06-13,38.480000,39.799999,38.410000,39.250000,39.250000,1613400
2017-06-14,39.740002,39.799999,39.540001,39.630001,39.630001,450600
2017-06-15,40.889999,40.910000,40.450001,40.549999,40.549999,1045100
2017-06-16,40.590000,40.689999,40.450001,40.490002,40.490002,327000
2017-06-19,41.540001,41.619999,41.380001,41.529999,41.529999,418400
2017-06-20,41.700001,41.910000,41.619999,41.680000,41.680000,334200
2017-06-21,41.639999,41.750000,41.439999,41.610001,41.610001,370000
2017-06-22,41.900002,42.099998,41.900002,42.049999,42.049999,346500
2017-06-23,43.020000,43.250000,42.860001,43.209999,43.209999,558800
2017-06-26,43.709999,44.330002,43.709999,44.250000,44.250000,706400
2017-06-27,43.950001,44.000000,43.700001,43.840000,43.840000,588600
2017-06-28,42.230000,42.880001,42.070000,42.669998,42.669998,785600
2017-06-29,42.869999,43.090000,41.349998,41.959999,41.959999,1068800
2017-06-30,41.959999,42.000000,41.660000,41.820000,41.820000,377700
2017-07-03,40.880001,41.099998,40.619999,40.700001,40.700001,283900
2017-07-05,38.950001,39.130001,38.810001,39.130001,39.130001,862000
2017-07-06,38.320000,38.500000,38.130001,38.369999,38.369999,444100
2017-07-07,38.560001,39.200001,38.560001,39.049999,39.049999,480900
2017-07-10,39.869999,40.169998,39.799999,40.110001,40.110001,410000
2017-07-11,39.540001,39.570000,39.250000,39.450001,39.450001,334700
2017-07-12,39.689999,40.000000,39.650002,39.990002,39.990002,316500
2017-07-13,39.910000,40.009998,39.709999,39.869999,39.869999,223400
2017-07-14,39.799999,39.869999,39.599998,39.830002,39.830002,268500
2017-07-17,39.700001,39.880001,39.419998,39.419998,39.419998,351600
2017-07-18,40.360001,40.799999,40.360001,40.790001,40.790001,537200
2017-07-19,41.889999,42.119999,41.790001,41.939999,41.939999,385200
2017-07-20,41.660000,41.820000,41.470001,41.529999,41.529999,244500
2017-07-21,41.599998,41.709999,41.259998,41.709999,41.709999,124400
2017-07-24,40.599998,40.900002,40.509998,40.830002,40.830002,172600
2017-07-25,39.619999,39.689999,39.320000,39.380001,39.380001,560700
2017-07-26,41.240002,42.200001,41.009998,41.740002,41.740002,862000
2017-07-27,42.970001,43.070000,42.259998,42.349998,42.349998,967900
2017-07-28,42.160000,42.400002,41.950001,42.389999,42.389999,290500
2017-07-31,42.209999,42.470001,42.209999,42.459999,42.459999,467700
2017-08-01,42.049999,42.150002,42.000000,42.070000,42.070000,203000
2017-08-02,42.770000,42.889999,42.160000,42.360001,42.360001,474200
2017-08-03,42.349998,42.380001,42.180000,42.380001,42.380001,173200
2017-08-04,42.349998,42.500000,42.299999,42.450001,42.450001,204600
2017-08-07,42.900002,42.950001,42.799999,42.869999,42.869999,410900
2017-08-08,43.000000,43.290001,42.910000,42.930000,42.930000,203000
2017-08-09,42.570000,42.680000,42.139999,42.259998,42.259998,333600
2017-08-10,41.669998,41.799999,40.610001,40.610001,40.610001,288300
2017-08-11,40.830002,41.150002,40.509998,41.099998,41.099998,284800
2017-08-14,41.200001,41.240002,40.950001,41.070000,41.070000,232200
2017-08-15,41.299999,41.500000,41.299999,41.419998,41.419998,113200
2017-08-16,41.500000,41.669998,41.369999,41.630001,41.630001,70500
2017-08-17,41.599998,41.669998,41.200001,41.209999,41.209999,167600
2017-08-18,41.110001,41.389999,41.110001,41.250000,41.250000,76500
2017-08-21,40.849998,41.040001,40.830002,40.919998,40.919998,82100
2017-08-22,41.180000,41.430000,41.180000,41.419998,41.419998,118500
2017-08-23,41.099998,41.209999,41.049999,41.099998,41.099998,60200
2017-08-24,41.060001,41.209999,40.939999,41.099998,41.099998,82000
2017-08-25,41.099998,41.299999,41.000000,41.189999,41.189999,74100
2017-08-28,42.139999,42.230000,41.880001,42.220001,42.220001,153200
2017-08-29,42.009998,42.009998,41.750000,41.799999,41.799999,87200
2017-08-30,41.349998,41.549999,41.310001,41.400002,41.400002,114700
2017-08-31,41.389999,41.730000,41.389999,41.630001,41.630001,109000
2017-09-01,41.869999,41.950001,41.700001,41.860001,41.860001,218800
2017-09-05,41.259998,41.259998,41.000000,41.150002,41.150002,199400
2017-09-06,41.070000,41.200001,41.000000,41.099998,41.099998,112000
2017-09-07,40.549999,41.000000,40.549999,40.900002,40.900002,117800
2017-09-08,41.580002,41.630001,41.529999,41.560001,41.560001,90900
2017-09-11,42.869999,42.869999,41.650002,42.240002,42.240002,222800
2017-09-12,42.990002,43.240002,42.959999,43.049999,43.049999,316400
2017-09-13,43.000000,43.000000,42.599998,42.599998,42.599998,99000
2017-09-14,42.480000,43.240002,42.330002,43.040001,43.040001,402700
2017-09-15,43.790001,44.650002,43.509998,44.590000,44.590000,712600
2017-09-18,44.349998,44.669998,43.950001,44.080002,44.080002,246800
2017-09-19,45.849998,46.790001,45.700001,46.750000,46.750000,1386600
2017-09-20,48.169998,48.650002,47.410000,47.700001,47.700001,995300
2017-09-21,46.790001,46.790001,46.509998,46.599998,46.599998,325300
2017-09-22,45.980000,46.000000,45.500000,45.619999,45.619999,440200
2017-09-25,45.639999,45.869999,44.910000,44.930000,44.930000,970700
2017-09-26,44.959999,45.279999,44.820000,45.009998,45.009998,331000
2017-09-27,45.380001,45.599998,45.090000,45.490002,45.490002,210300
2017-09-28,46.200001,46.200001,45.779999,46.009998,46.009998,188200
2017-09-29,46.150002,46.299999,45.860001,45.950001,45.950001,281400
2017-10-02,46.459999,46.500000,46.070000,46.150002,46.150002,342100
2017-10-03,46.250000,46.599998,46.099998,46.480000,46.480000,213100
2017-10-04,46.779999,46.779999,46.410000,46.750000,46.750000,130000
2017-10-05,47.549999,48.250000,47.540001,48.049999,48.049999,385400
2017-10-06,48.450001,49.160000,48.360001,48.669998,48.669998,372000
2017-10-09,48.779999,48.849998,48.400002,48.470001,48.470001,120300
2017-10-10,48.049999,48.430000,48.049999,48.279999,48.279999,184700
2017-10-11,48.750000,49.160000,48.750000,49.139999,49.139999,221100
2017-10-12,48.669998,48.830002,48.230000,48.320000,48.320000,204100
2017-10-13,49.070000,49.599998,49.070000,49.599998,49.599998,240300
2017-10-16,49.619999,49.709999,49.549999,49.680000,49.680000,303500
2017-10-17,48.660000,48.770000,48.549999,48.680000,48.680000,234800
2017-10-18,47.799999,47.799999,47.490002,47.529999,47.529999,636900
2017-10-19,47.919998,48.180000,47.790001,48.029999,48.029999,122600
2017-10-20,48.180000,48.439999,48.009998,48.299999,48.299999,254700
2017-10-23,48.340000,48.529999,48.060001,48.500000,48.500000,551800
2017-10-24,48.560001,48.799999,48.549999,48.709999,48.709999,288900
2017-10-25,48.000000,48.099998,47.049999,47.500000,47.500000,1426800
2017-10-26,46.599998,46.799999,46.419998,46.770000,46.770000,304800
2017-10-27,46.799999,47.700001,46.799999,47.660000,47.660000,507200
2017-10-30,49.259998,51.740002,49.080002,50.880001,50.880001,1264000
2017-10-31,48.700001,49.610001,48.599998,48.650002,48.650002,605000
2017-11-01,48.020000,48.020000,47.419998,47.500000,47.500000,613500
2017-11-02,47.340000,47.340000,46.900002,47.200001,47.200001,277300
2017-11-03,47.299999,47.340000,46.950001,47.220001,47.220001,388400
2017-11-06,46.840000,46.840000,46.599998,46.790001,46.790001,348100
2017-11-07,47.099998,47.340000,46.860001,46.910000,46.910000,397000
2017-11-08,47.700001,47.939999,47.599998,47.939999,47.939999,170700
2017-11-09,47.139999,47.220001,46.549999,46.799999,46.799999,457400
2017-11-10,48.250000,48.880001,48.049999,48.430000,48.430000,460800
2017-11-13,48.410000,48.770000,48.220001,48.669998,48.669998,371900
2017-11-14,49.389999,49.799999,49.080002,49.400002,49.400002,404300
2017-11-15,47.669998,47.959999,47.549999,47.730000,47.730000,304200
2017-11-16,49.689999,49.880001,49.529999,49.779999,49.779999,358400
2017-11-17,49.830002,49.880001,49.650002,49.650002,49.650002,287900
2017-11-20,49.910000,50.180000,49.810001,50.060001,50.060001,137200
2017-11-21,49.950001,50.000000,49.709999,49.830002,49.830002,223500
2017-11-22,50.400002,50.560001,50.189999,50.549999,50.549999,281200
2017-11-24,52.160000,52.599998,52.160000,52.549999,52.549999,387200
2017-11-27,53.410000,53.959999,53.410000,53.439999,53.439999,355600
2017-11-28,53.099998,53.340000,52.860001,53.220001,53.220001,377200
2017-11-29,52.130001,52.630001,50.750000,50.900002,50.900002,715000
2017-11-30,50.509998,51.230000,50.509998,50.980000,50.980000,868100
2017-12-01,50.259998,50.509998,49.880001,50.259998,50.259998,392000
2017-12-04,49.330002,49.520000,48.099998,48.520000,48.520000,466700